Facility,Company.x,Total.Stationary.Combusion.2010,diff.11.10,Total.Stationary.Combusion.2011,diff.12.11,Total.Stationary.Combusion.2012,diff.12.10
"BC Aggregated Facilities (E <10,000 tCO2e each)",0,0,0,0,394559,394559,394559
"BC Aggregated Facilities (E <10,000 tCO2e each)",0,0,0,0,148780,148780,148780
"BC Aggregated Facilities (E <10,000 tCO2e each)",0,0,0,0,147015,147015,147015
BCGP00002917 (Wildboy Gas Plant),0,0,0,0,114184,114184,114184
"BC Aggregated Facilities (E <10,000 tCO2e each)",0,0,0,0,110257,110257,110257
Cariboo Pulp and Paper Company,0,0,0,0,96951,96951,96951
Central Heat Distribution Limited,0,0,0,0,96399,96399,96399
5-1-77-17W6,0,0,69511,69511,26197,95708,95708
Greenhills Operations,Teck Coal Limited,109287,-1172,108115,92828,200943,91656
"BC Aggregated Facilities (E <10,000 tCO2e each)",0,0,0,0,77803,77803,77803
Montney Gas Processing and Production,Shell Canada Limited,49661,56225,105886,13876,119762,70101
Powell River Division,Catalyst Paper Corporation,29445,15803,45248,51240,96488,67043
Fort Nelson Gas Plant,Spectra Energy Transmission,401842,71966,473808,-12026,461782,59940
Sierra Gas Plant,0,0,59343,59343,-3763,55580,55580
"BC Aggregated Facilities (E <10,000 tCO2e each)",0,0,0,0,54584,54584,54584
Tupper A-21-B/093-09-P,0,0,61816,61816,-10538,51278,51278
Ang Moyie Facility,0,0,0,0,49892,49892,49892
Horn River Comp Stn C-067-K,EnCana Corporation,26392,45610,72002,2698,74700,48308
Prince George Pulp and Paper and Intercontinental Pulp Mills,Canfor Pulp Limited Partnership,106469,9709,116178,36290,152468,45999
"BC Aggregated Facilities (E <10,000 tCO2e each)",0,0,0,0,45116,45116,45116
Sunrise 3-18-80-17 W6,0,0,10517,10517,33602,44119,44119
Farrell Creek Facility,Talisman Energy Inc.,10880,15347,26227,19215,45442,34562
Fortune Creek Compressor Station,0,0,11897,11897,22655,34552,34552
Dawson/Doe 1-32-80-15 W6,0,0,0,0,34399,34399,34399
Mackenzie Pulp Mill,Mackenzie Pulp Mill Corporation,52183,43800,95983,-10407,85576,33393
"BC Aggregated Facilities (E <10,000 tCO2e each)",0,0,0,0,32671,32671,32671
Bur0by Refinery,Chevron Canada Limited,266774,22748,289522,9799,299321,32547
Caribou Sour Gas Plant C-004-G,0,0,44333,44333,-12608,31725,31725
Tembec Skookumchuck Operation,0,0,0,0,30641,30641,30641
"BC Aggregated Facilities (E <10,000 tCO2e each)",0,0,0,0,29900,29900,29900
"BC Aggregated Facilities (E <10,000 tCO2e each)",0,0,0,0,29582,29582,29582
Ang Elko Facility,0,0,0,0,27212,27212,27212
Etsho North Compressor Station,Nexen Inc.,17049,22449,39498,2744,42242,25193
Booster Station 12 - Fort Nelson,0,0,44975,44975,-20412,24563,24563
Dawson Plant,0,0,0,0,24057,24057,24057
West Coast Reduction Ltd.,0,0,0,0,22810,22810,22810
"BC Aggregated Facilities (E <10,000 tCO2e each)",0,0,0,0,22246,22246,22246
"BC Aggregated Facilities (E <10,000 tCO2e each)",0,0,0,0,20581,20581,20581
"BC Aggregated Facilities (E <10,000 tCO2e each)",0,0,0,0,19969,19969,19969
Progress Ne Gundy A-58-H/94-B-16,0,0,0,0,19916,19916,19916
Blair Creek Comp Stn D-058-F,0,0,8752,8752,10431,19183,19183
"BC Aggregated Facilities (E <10,000 tCO2e each)",0,0,0,0,18184,18184,18184
BCBT00002917 (Wildboy Battery) ,0,0,0,0,17650,17650,17650
Transmission Mainline,Spectra Energy Transmission,557481,23752,581233,-6108,575125,17644
Tattoo Compressor Station,0,0,19838,19838,-2676,17162,17162
Chetwynd Operations,0,0,0,0,17027,17027,17027
"BC Aggregated Facilities (E <10,000 tCO2e each)",0,0,0,0,16947,16947,16947
"BC Aggregated Facilities (E <10,000 tCO2e each)",0,0,0,0,16726,16726,16726
Kiwiga0 Comp Stn C-093-L,0,0,0,0,16670,16670,16670
"BC Aggregated Facilities (E <10,000 tCO2e each)",0,0,0,0,15885,15885,15885
Crofton Division,Catalyst Paper Corporation,98021,2005,100026,13801,113827,15806
"BC Aggregated Facilities (E <10,000 tCO2e each)",0,0,0,0,15518,15518,15518
Progress Town South D-59-J/94-B-16,0,0,0,0,15434,15434,15434
Hiding Comp Station D-039-G,0,0,0,0,15264,15264,15264
"BC Aggregated Facilities (E <10,000 tCO2e each)",0,0,0,0,15041,15041,15041
Laprise A-40-E/94-H-5 ,0,0,0,0,14461,14461,14461
Parkland Comp Stn 08-13,0,0,24473,24473,-10163,14310,14310
"BC Aggregated Facilities (E <10,000 tCO2e each)",0,0,0,0,13552,13552,13552
Blueberry C-29-K/94-A-12,0,0,12819,12819,278,13097,13097
Ladner Greenhouse,Windset Farms Inc.,13407,8205,21612,4790,26402,12995
"BC Aggregated Facilities (E <10,000 tCO2e each)",0,0,0,0,12386,12386,12386
S. Buick Oil Battery D-078-I,0,0,0,0,11222,11222,11222
Jedney North B-76-C/94-G-8,0,0,0,0,11196,11196,11196
Septimus Sweet Gas Plant 12-27,Aux Sable Canada L.P.,13987,10218,24205,827,25032,11045
"BC Aggregated Facilities (E <10,000 tCO2e each)",0,0,0,0,11037,11037,11037
Howe Sound Pulp and Paper Mill,Howe Sound Pulp & Paper Corporation,53783,14152,67935,-3289,64646,10863
0L Fireweed C-A-16-A/94-A-13,0,0,9214,9214,1464,10678,10678
Tsea D-07-I C/S,0,0,0,0,10530,10530,10530
Delta II Facility,0,0,10422,10422,-534,9888,9888
West Gundy C-86-J/94-B-9,0,0,0,0,9676,9676,9676
Groundbirch Gas Plant,0,0,11751,11751,-2092,9659,9659
Blueberry D-87-D/94-A-13,0,0,9255,9255,294,9549,9549
Ojay Facility,Talisman Energy Inc.,9244,9684,18928,-158,18770,9526
"BC Aggregated Facilities (E <10,000 tCO2e each)",0,0,0,0,9431,9431,9431
Coal Mountain Operations,Teck Coal Limited,54591,-5088,49503,13566,63069,8478
Bo0vista Blueberry D-50-C/94-A-13,0,0,0,0,8341,8341,8341
Gote Comp Stn C-018-B,0,0,10093,10093,-1825,8268,8268
Buckinghorse Comp Stn D-044-A,0,0,8280,8280,-142,8138,8138
"BC Aggregated Facilities (E <10,000 tCO2e each)",0,0,0,0,8034,8034,8034
Velma Comp Stn B-088-D,0,0,7615,7615,294,7909,7909
Dawson Comp Stn 01-34,ARC Resources,8622,6896,15518,874,16392,7770
BCBT00002487 (Firebird ),0,0,0,0,7411,7411,7411
"BC Aggregated Facilities (E <10,000 tCO2e each)",0,0,0,0,7197,7197,7197
Umback D-36,0,0,7990,7990,-797,7193,7193
Hythe Comp Stn A-005-G,EnCana Corporation,31007,14933,45940,-7817,38123,7116
Dunkley Lumber Facility,Dunkley Lumber Ltd.,12221,5876,18097,914,19011,6790
"BC Aggregated Facilities (E <10,000 tCO2e each)",0,0,0,0,6746,6746,6746
"BC Aggregated Facilities (E <10,000 tCO2e each)",0,0,0,0,6724,6724,6724
"BC Aggregated Facilities (E <10,000 tCO2e each)",0,0,0,0,6377,6377,6377
Noel 7729,0,0,7523,7523,-1192,6331,6331
Hay Oil Battery,Harvest Operations Corp.,5160,4213,9373,1609,10982,5822
Taylor Compressor Station,Alliance Pipeline Ltd.,17936,5011,22947,-116,22831,4895
Vancouver Wallboard Plant,CertainTeed Gypsum Canada Inc.,19893,-2092,17801,6912,24713,4820
Booster Station 19 - Cabin Lake,Spectra Energy Transmission,37623,3456,41079,844,41923,4300
Younger NGL Extraction Plant,0,0,0,0,4284,4284,4284
Canfor Taylor Pulp,Canadian Forest Products Ltd.,59507,930,60437,3288,63725,4218
"BC Aggregated Facilities (E <10,000 tCO2e each)",0,0,0,0,4176,4176,4176
Quesnel River Pulp,West Fraser Mills Ltd.,48731,5863,54594,-2085,52509,3778
Zellstoff Celgar Facility,Zellstoff Celgar Limited Partnership,26209,1324,27533,2380,29913,3704
Moly-Cop Canada Facility,Moly-Cop Canada,12796,1336,14132,2082,16214,3418
"BC Aggregated Facilities (E <10,000 tCO2e each)",0,0,0,0,3344,3344,3344
CIPA Lumber Facility,CIPA Lumber Co. Ltd.,23198,2741,25939,219,26158,2960
Cutbank Comp Stn D-073-B,0,0,4027,4027,-1087,2940,2940
An0cis Island Wastewater Treatment Plant,Greater Vancouver Regional District,11460,4086,15546,-1269,14277,2817
Jedney II Gas Plant,Spectra Energy Midstream Corporation,48732,259,48991,2550,51541,2809
Dawson Creek Comp Stn 09-15,EnCana Corporation,19256,97,19353,2519,21872,2616
Perry Creek Mine,Western Coal Corp.,90,5178,5268,-2612,2656,2566
Bubbles D-47-A/94-G-8,0,0,0,0,2556,2556,2556
Conifex Inc. Facility,Conifex Inc.,8801,0,8801,2482,11283,2482
Endako Mine,Thompson Creek Mining Ltd.,5099,1081,6180,1256,7436,2337
Io0 Island Wastewater Treatment Plant,Greater Vancouver Regional District,8820,-912,7908,3166,11074,2254
Line Creek Operations,Teck Coal Limited,27155,2134,29289,45,29334,2179
Prince George Refinery,Husky Oil Operations Limited,85139,-2866,82273,5001,87274,2135
Delta Facility,Houweling Nurseries Ltd.,11886,2328,14214,-196,14018,2132
"BC Aggregated Facilities (E <10,000 tCO2e each)",0,0,0,0,1946,1946,1946
Princeton Sawmill,Weyerhaeuser Company Limited,15827,#VALUE!, -   ,#VALUE!,17700,1873
New Afton Mine,0,0,0,0,1778,1778,1778
Stoddart 02-34 Sour Gas Plant,Canadian natural Resources Limited,57894,1022,58916,711,59627,1733
Conroy D-80-F/94-H-12,0,0,0,0,1666,1666,1666
Lavington Planer Mill,Tolko Industries Ltd.,13752,1467,15219,140,15359,1607
Canadian Autoparts Toyota Facility,Canadian Autoparts Toyota Inc.,16486,-1552,14934,2986,17920,1434
Booster Station 3 - Kobes Creek,Spectra Energy Transmission,20109,1989,22098,-618,21480,1371
Tree Island Industries Facility,Tree Island Industries Ltd.,9700,1314,11014,0,11014,1314
Highway Gas Plant,Spectra Energy Midstream Corporation,44283,-3455,40828,4706,45534,1251
"BC Aggregated Facilities (E <10,000 tCO2e each)",0,0,0,0,1161,1161,1161
Delta I Facility,Village Farms Canada L.P.,21571,1198,22769,-43,22726,1155
An0cis Division,Coastland Wood Industries Ltd.,13422,-372,13050,1494,14544,1122
"BC Aggregated Facilities (E <10,000 tCO2e each)",0,0,0,0,1062,1062,1062
Pine River Gas Plant,Spectra Energy Transmission,248112,1378,249490,-332,249158,1046
Gibraltar Mine,Gibraltar Mines Ltd.,6430,367,6797,629,7426,996
Bubbles C-79-A/94-G-8,Progress Energy Resources Corp.,10224,-265,9959,1052,11011,787
Elko Sawmill,Tembec,16138,-1740,14398,2488,16886,748
Mount Polley Mine,Imperial Metals Corporation,866,656,1522,-9,1513,647
"BC Aggregated Facilities (E <10,000 tCO2e each)",0,0,0,0,559,559,559
Kwoen Gas Plant,Spectra Energy Transmission,5177,80,5257,273,5530,353
Tommy Lakes C-019,Devon Canada Corporation,16925,-1601,15324,1932,17256,331
Trend Mine,Peace River Coal Inc.,1287,-1287,0,1557,1557,270
"BC Aggregated Facilities (E <10,000 tCO2e each)",0,0,0,0,260,260,260
"BC Aggregated Facilities (E <10,000 tCO2e each)",0,0,0,0,89,89,89
"BC Aggregated Facilities (E <10,000 tCO2e each)",0,0,0,0,78,78,78
Masset Diesel Generating Station,British Columbia Hydro and Power Authority,19219,92,19311,-27,19284,65
Arl Komie C-100-G/094-O-08,Devon Canada Corporation,12096,-1077,11019,1139,12158,62
Vancouver Landfill,City of Vancouver,47,44,91,1,92,45
"BC Aggregated Facilities (E <10,000 tCO2e each)",0,0,0,0,31,31,31
"BC Aggregated Facilities (E <10,000 tCO2e each)",0,0,0,0,21,21,21
Quinsam Coal Mine,Quinsam Coal Corporation,0,49,49,-39,10,10
Hythe Comp Stn D-019-H,EnCana Corporation,20171,429,20600,-427,20173,2
"BC Aggregated Facilities (E < 10,000 tCO2e each)",Aux Sable Canada L.P.,0,9905,9905,-9905,0,0
"BC Aggregated Facilities (E < 10,000 tCO2e each)",Aux Sable Canada L.P.,0,8416,8416,-8416,0,0
"BC Aggregated Facilities (E < 10,000 tCO2e each)",Aux Sable Canada L.P.,0,8141,8141,-8141,0,0
"BC Aggregated Facilities (E < 10,000 tCO2e each)",Aux Sable Canada L.P.,0,7226,7226,-7226,0,0
"BC Aggregated Facilities (E < 10,000 tCO2e each)",Aux Sable Canada L.P.,0,7139,7139,-7139,0,0
"BC Aggregated Facilities (E < 10,000 tCO2e each)",Aux Sable Canada L.P.,0,70350,70350,-70350,0,0
"BC Aggregated Facilities (E < 10,000 tCO2e each)",Aux Sable Canada L.P.,0,6318,6318,-6318,0,0
"BC Aggregated Facilities (E < 10,000 tCO2e each)",Aux Sable Canada L.P.,0,61,61,-61,0,0
"BC Aggregated Facilities (E < 10,000 tCO2e each)",Aux Sable Canada L.P.,0,58773,58773,-58773,0,0
"BC Aggregated Facilities (E < 10,000 tCO2e each)",Aux Sable Canada L.P.,0,4805,4805,-4805,0,0
"BC Aggregated Facilities (E < 10,000 tCO2e each)",Aux Sable Canada L.P.,0,41036,41036,-41036,0,0
"BC Aggregated Facilities (E < 10,000 tCO2e each)",Aux Sable Canada L.P.,0,400,400,-400,0,0
"BC Aggregated Facilities (E < 10,000 tCO2e each)",Aux Sable Canada L.P.,0,398079,398079,-398079,0,0
"BC Aggregated Facilities (E < 10,000 tCO2e each)",Aux Sable Canada L.P.,0,34584,34584,-34584,0,0
"BC Aggregated Facilities (E < 10,000 tCO2e each)",Aux Sable Canada L.P.,0,34525,34525,-34525,0,0
"BC Aggregated Facilities (E < 10,000 tCO2e each)",Aux Sable Canada L.P.,0,3400,3400,-3400,0,0
"BC Aggregated Facilities (E < 10,000 tCO2e each)",Aux Sable Canada L.P.,0,33638,33638,-33638,0,0
"BC Aggregated Facilities (E < 10,000 tCO2e each)",Aux Sable Canada L.P.,0,30969,30969,-30969,0,0
"BC Aggregated Facilities (E < 10,000 tCO2e each)",Aux Sable Canada L.P.,0,28673,28673,-28673,0,0
"BC Aggregated Facilities (E < 10,000 tCO2e each)",Aux Sable Canada L.P.,0,27979,27979,-27979,0,0
"BC Aggregated Facilities (E < 10,000 tCO2e each)",Aux Sable Canada L.P.,0,26543,26543,-26543,0,0
"BC Aggregated Facilities (E < 10,000 tCO2e each)",Aux Sable Canada L.P.,0,26324,26324,-26324,0,0
"BC Aggregated Facilities (E < 10,000 tCO2e each)",Aux Sable Canada L.P.,0,2485,2485,-2485,0,0
"BC Aggregated Facilities (E < 10,000 tCO2e each)",Aux Sable Canada L.P.,0,21,21,-21,0,0
"BC Aggregated Facilities (E < 10,000 tCO2e each)",Aux Sable Canada L.P.,0,2084,2084,-2084,0,0
"BC Aggregated Facilities (E < 10,000 tCO2e each)",Aux Sable Canada L.P.,0,19802,19802,-19802,0,0
"BC Aggregated Facilities (E < 10,000 tCO2e each)",Aux Sable Canada L.P.,0,193462,193462,-193462,0,0
"BC Aggregated Facilities (E < 10,000 tCO2e each)",Aux Sable Canada L.P.,0,17864,17864,-17864,0,0
"BC Aggregated Facilities (E < 10,000 tCO2e each)",Aux Sable Canada L.P.,0,17627,17627,-17627,0,0
"BC Aggregated Facilities (E < 10,000 tCO2e each)",Aux Sable Canada L.P.,0,1519,1519,-1519,0,0
"BC Aggregated Facilities (E < 10,000 tCO2e each)",Aux Sable Canada L.P.,0,14882,14882,-14882,0,0
"BC Aggregated Facilities (E < 10,000 tCO2e each)",Aux Sable Canada L.P.,0,1488,1488,-1488,0,0
"BC Aggregated Facilities (E < 10,000 tCO2e each)",Aux Sable Canada L.P.,0,14407,14407,-14407,0,0
"BC Aggregated Facilities (E < 10,000 tCO2e each)",Aux Sable Canada L.P.,0,14306,14306,-14306,0,0
"BC Aggregated Facilities (E < 10,000 tCO2e each)",Aux Sable Canada L.P.,0,13981,13981,-13981,0,0
"BC Aggregated Facilities (E < 10,000 tCO2e each)",Aux Sable Canada L.P.,0,12699,12699,-12699,0,0
"BC Aggregated Facilities (E < 10,000 tCO2e each)",Aux Sable Canada L.P.,0,122767,122767,-122767,0,0
"BC Aggregated Facilities (E < 10,000 tCO2e each)",Aux Sable Canada L.P.,0,113650,113650,-113650,0,0
"BC Aggregated Facilities (E < 10,000 tCO2e each)",Aux Sable Canada L.P.,0,1003,1003,-1003,0,0
"BC Aggregated Facilities (E < 10,000 tCO2e each)",Aux Sable Canada L.P.,0,#VALUE!, -   ,#VALUE!,0,0
"BC Aggregated Facilities (E < 10,000 tCO2e each)",Aux Sable Canada L.P.,0,#VALUE!, -   ,#VALUE!,0,0
"BC Aggregated Facilities (E < 10,000 tCO2e each)",Aux Sable Canada L.P.,0,#VALUE!, -   ,#VALUE!,0,0
"BC Aggregated Facilities (E < 10,000 tCO2e each)",Aux Sable Canada L.P.,0,#VALUE!, -   ,#VALUE!,0,0
Dillon - Brule Mine,0,0,7112,7112,-7112,0,0
Ft. St. John Gathering Pipeline,0,0,272,272,-272,0,0
Gutah Comp Station A-054-K,0,0,8258,8258,-8258,0,0
IMP PAC Boundary (BC BT 0046),0,0,5405,5405,-5405,0,0
Kelly Comp Stn C-027-B,0,0,15569,15569,-15569,0,0
Laprise Compressor Station COM /B-040-E/094-H-05/ 00,0,0,15344,15344,-15344,0,0
Milligan Comp Stn B-063-G,0,0,7395,7395,-7395,0,0
Noel 7707,0,0,5651,5651,-5651,0,0
Peggo East Comp Stn A-072-C,0,0,7908,7908,-7908,0,0
ProEx West Beg C-34-C/94-G-1,0,0,18274,18274,-18274,0,0
Skookumchick Operation,0,0,25019,25019,-25019,0,0
Stoddart 14-34,0,0,6921,6921,-6921,0,0
Suncor Yoyo Battery (D-8-L/94-I-14),0,0,27218,27218,-27218,0,0
Surrey Gypsum Facility,0,0,14304,14304,-14304,0,0
Mica Generating Station,British Columbia Hydro and Power Authority,2,-2,0,0,0,-2
Nig Creek A-94-B/94-H-4,Bonavista Energy Corporation,10920,-289,10631,266,10897,-23
"BC Aggregated Facilities (E < 10,000 tCO2e each)",Enerplus Corporation,72,9833,9905,-9905,0,-72
"BC Aggregated Facilities (E < 10,000 tCO2e each)",Enerplus Corporation,72,931,1003,-1003,0,-72
"BC Aggregated Facilities (E < 10,000 tCO2e each)",Enerplus Corporation,72,8344,8416,-8416,0,-72
"BC Aggregated Facilities (E < 10,000 tCO2e each)",Enerplus Corporation,72,8069,8141,-8141,0,-72
"BC Aggregated Facilities (E < 10,000 tCO2e each)",Enerplus Corporation,72,7154,7226,-7226,0,-72
"BC Aggregated Facilities (E < 10,000 tCO2e each)",Enerplus Corporation,72,7067,7139,-7139,0,-72
"BC Aggregated Facilities (E < 10,000 tCO2e each)",Enerplus Corporation,72,70278,70350,-70350,0,-72
"BC Aggregated Facilities (E < 10,000 tCO2e each)",Enerplus Corporation,72,6246,6318,-6318,0,-72
"BC Aggregated Facilities (E < 10,000 tCO2e each)",Enerplus Corporation,72,58701,58773,-58773,0,-72
"BC Aggregated Facilities (E < 10,000 tCO2e each)",Enerplus Corporation,72,4733,4805,-4805,0,-72
"BC Aggregated Facilities (E < 10,000 tCO2e each)",Enerplus Corporation,72,40964,41036,-41036,0,-72
"BC Aggregated Facilities (E < 10,000 tCO2e each)",Enerplus Corporation,72,398007,398079,-398079,0,-72
"BC Aggregated Facilities (E < 10,000 tCO2e each)",Enerplus Corporation,72,34512,34584,-34584,0,-72
"BC Aggregated Facilities (E < 10,000 tCO2e each)",Enerplus Corporation,72,34453,34525,-34525,0,-72
"BC Aggregated Facilities (E < 10,000 tCO2e each)",Enerplus Corporation,72,33566,33638,-33638,0,-72
"BC Aggregated Facilities (E < 10,000 tCO2e each)",Enerplus Corporation,72,3328,3400,-3400,0,-72
"BC Aggregated Facilities (E < 10,000 tCO2e each)",Enerplus Corporation,72,328,400,-400,0,-72
"BC Aggregated Facilities (E < 10,000 tCO2e each)",Enerplus Corporation,72,30897,30969,-30969,0,-72
"BC Aggregated Facilities (E < 10,000 tCO2e each)",Enerplus Corporation,72,28601,28673,-28673,0,-72
"BC Aggregated Facilities (E < 10,000 tCO2e each)",Enerplus Corporation,72,27907,27979,-27979,0,-72
"BC Aggregated Facilities (E < 10,000 tCO2e each)",Enerplus Corporation,72,26471,26543,-26543,0,-72
"BC Aggregated Facilities (E < 10,000 tCO2e each)",Enerplus Corporation,72,26252,26324,-26324,0,-72
"BC Aggregated Facilities (E < 10,000 tCO2e each)",Enerplus Corporation,72,2413,2485,-2485,0,-72
"BC Aggregated Facilities (E < 10,000 tCO2e each)",Enerplus Corporation,72,2012,2084,-2084,0,-72
"BC Aggregated Facilities (E < 10,000 tCO2e each)",Enerplus Corporation,72,19730,19802,-19802,0,-72
"BC Aggregated Facilities (E < 10,000 tCO2e each)",Enerplus Corporation,72,193390,193462,-193462,0,-72
"BC Aggregated Facilities (E < 10,000 tCO2e each)",Enerplus Corporation,72,17792,17864,-17864,0,-72
"BC Aggregated Facilities (E < 10,000 tCO2e each)",Enerplus Corporation,72,17555,17627,-17627,0,-72
"BC Aggregated Facilities (E < 10,000 tCO2e each)",Enerplus Corporation,72,14810,14882,-14882,0,-72
"BC Aggregated Facilities (E < 10,000 tCO2e each)",Enerplus Corporation,72,1447,1519,-1519,0,-72
"BC Aggregated Facilities (E < 10,000 tCO2e each)",Enerplus Corporation,72,14335,14407,-14407,0,-72
"BC Aggregated Facilities (E < 10,000 tCO2e each)",Enerplus Corporation,72,14234,14306,-14306,0,-72
"BC Aggregated Facilities (E < 10,000 tCO2e each)",Enerplus Corporation,72,1416,1488,-1488,0,-72
"BC Aggregated Facilities (E < 10,000 tCO2e each)",Enerplus Corporation,72,13909,13981,-13981,0,-72
"BC Aggregated Facilities (E < 10,000 tCO2e each)",Enerplus Corporation,72,12627,12699,-12699,0,-72
"BC Aggregated Facilities (E < 10,000 tCO2e each)",Enerplus Corporation,72,122695,122767,-122767,0,-72
"BC Aggregated Facilities (E < 10,000 tCO2e each)",Enerplus Corporation,72,113578,113650,-113650,0,-72
"BC Aggregated Facilities (E < 10,000 tCO2e each)",Enerplus Corporation,72,#VALUE!, -   ,#VALUE!,0,-72
"BC Aggregated Facilities (E < 10,000 tCO2e each)",Enerplus Corporation,72,#VALUE!, -   ,#VALUE!,0,-72
"BC Aggregated Facilities (E < 10,000 tCO2e each)",Enerplus Corporation,72,#VALUE!, -   ,#VALUE!,0,-72
"BC Aggregated Facilities (E < 10,000 tCO2e each)",Enerplus Corporation,72,#VALUE!, -   ,#VALUE!,0,-72
"BC Aggregated Facilities (E < 10,000 tCO2e each)",Enerplus Corporation,72,-51,21,-21,0,-72
"BC Aggregated Facilities (E < 10,000 tCO2e each)",Enerplus Corporation,72,-11,61,-61,0,-72
"BC Aggregated Facilities (E < 10,000 tCO2e each)",TransCanada PipeLines Ltd.,74,9831,9905,-9905,0,-74
"BC Aggregated Facilities (E < 10,000 tCO2e each)",TransCanada PipeLines Ltd.,74,929,1003,-1003,0,-74
"BC Aggregated Facilities (E < 10,000 tCO2e each)",TransCanada PipeLines Ltd.,74,8342,8416,-8416,0,-74
"BC Aggregated Facilities (E < 10,000 tCO2e each)",TransCanada PipeLines Ltd.,74,8067,8141,-8141,0,-74
"BC Aggregated Facilities (E < 10,000 tCO2e each)",TransCanada PipeLines Ltd.,74,7152,7226,-7226,0,-74
"BC Aggregated Facilities (E < 10,000 tCO2e each)",TransCanada PipeLines Ltd.,74,7065,7139,-7139,0,-74
"BC Aggregated Facilities (E < 10,000 tCO2e each)",TransCanada PipeLines Ltd.,74,70276,70350,-70350,0,-74
"BC Aggregated Facilities (E < 10,000 tCO2e each)",TransCanada PipeLines Ltd.,74,6244,6318,-6318,0,-74
"BC Aggregated Facilities (E < 10,000 tCO2e each)",TransCanada PipeLines Ltd.,74,58699,58773,-58773,0,-74
"BC Aggregated Facilities (E < 10,000 tCO2e each)",TransCanada PipeLines Ltd.,74,4731,4805,-4805,0,-74
"BC Aggregated Facilities (E < 10,000 tCO2e each)",TransCanada PipeLines Ltd.,74,40962,41036,-41036,0,-74
"BC Aggregated Facilities (E < 10,000 tCO2e each)",TransCanada PipeLines Ltd.,74,398005,398079,-398079,0,-74
"BC Aggregated Facilities (E < 10,000 tCO2e each)",TransCanada PipeLines Ltd.,74,34510,34584,-34584,0,-74
"BC Aggregated Facilities (E < 10,000 tCO2e each)",TransCanada PipeLines Ltd.,74,34451,34525,-34525,0,-74
"BC Aggregated Facilities (E < 10,000 tCO2e each)",TransCanada PipeLines Ltd.,74,33564,33638,-33638,0,-74
"BC Aggregated Facilities (E < 10,000 tCO2e each)",TransCanada PipeLines Ltd.,74,3326,3400,-3400,0,-74
"BC Aggregated Facilities (E < 10,000 tCO2e each)",TransCanada PipeLines Ltd.,74,326,400,-400,0,-74
"BC Aggregated Facilities (E < 10,000 tCO2e each)",TransCanada PipeLines Ltd.,74,30895,30969,-30969,0,-74
"BC Aggregated Facilities (E < 10,000 tCO2e each)",TransCanada PipeLines Ltd.,74,28599,28673,-28673,0,-74
"BC Aggregated Facilities (E < 10,000 tCO2e each)",TransCanada PipeLines Ltd.,74,27905,27979,-27979,0,-74
"BC Aggregated Facilities (E < 10,000 tCO2e each)",TransCanada PipeLines Ltd.,74,26469,26543,-26543,0,-74
"BC Aggregated Facilities (E < 10,000 tCO2e each)",TransCanada PipeLines Ltd.,74,26250,26324,-26324,0,-74
"BC Aggregated Facilities (E < 10,000 tCO2e each)",TransCanada PipeLines Ltd.,74,2411,2485,-2485,0,-74
"BC Aggregated Facilities (E < 10,000 tCO2e each)",TransCanada PipeLines Ltd.,74,2010,2084,-2084,0,-74
"BC Aggregated Facilities (E < 10,000 tCO2e each)",TransCanada PipeLines Ltd.,74,19728,19802,-19802,0,-74
"BC Aggregated Facilities (E < 10,000 tCO2e each)",TransCanada PipeLines Ltd.,74,193388,193462,-193462,0,-74
"BC Aggregated Facilities (E < 10,000 tCO2e each)",TransCanada PipeLines Ltd.,74,17790,17864,-17864,0,-74
"BC Aggregated Facilities (E < 10,000 tCO2e each)",TransCanada PipeLines Ltd.,74,17553,17627,-17627,0,-74
"BC Aggregated Facilities (E < 10,000 tCO2e each)",TransCanada PipeLines Ltd.,74,14808,14882,-14882,0,-74
"BC Aggregated Facilities (E < 10,000 tCO2e each)",TransCanada PipeLines Ltd.,74,1445,1519,-1519,0,-74
"BC Aggregated Facilities (E < 10,000 tCO2e each)",TransCanada PipeLines Ltd.,74,14333,14407,-14407,0,-74
"BC Aggregated Facilities (E < 10,000 tCO2e each)",TransCanada PipeLines Ltd.,74,14232,14306,-14306,0,-74
"BC Aggregated Facilities (E < 10,000 tCO2e each)",TransCanada PipeLines Ltd.,74,1414,1488,-1488,0,-74
"BC Aggregated Facilities (E < 10,000 tCO2e each)",TransCanada PipeLines Ltd.,74,13907,13981,-13981,0,-74
"BC Aggregated Facilities (E < 10,000 tCO2e each)",TransCanada PipeLines Ltd.,74,12625,12699,-12699,0,-74
"BC Aggregated Facilities (E < 10,000 tCO2e each)",TransCanada PipeLines Ltd.,74,122693,122767,-122767,0,-74
"BC Aggregated Facilities (E < 10,000 tCO2e each)",TransCanada PipeLines Ltd.,74,113576,113650,-113650,0,-74
"BC Aggregated Facilities (E < 10,000 tCO2e each)",TransCanada PipeLines Ltd.,74,#VALUE!, -   ,#VALUE!,0,-74
"BC Aggregated Facilities (E < 10,000 tCO2e each)",TransCanada PipeLines Ltd.,74,#VALUE!, -   ,#VALUE!,0,-74
"BC Aggregated Facilities (E < 10,000 tCO2e each)",TransCanada PipeLines Ltd.,74,#VALUE!, -   ,#VALUE!,0,-74
"BC Aggregated Facilities (E < 10,000 tCO2e each)",TransCanada PipeLines Ltd.,74,#VALUE!, -   ,#VALUE!,0,-74
"BC Aggregated Facilities (E < 10,000 tCO2e each)",TransCanada PipeLines Ltd.,74,-53,21,-21,0,-74
"BC Aggregated Facilities (E < 10,000 tCO2e each)",TransCanada PipeLines Ltd.,74,-13,61,-61,0,-74
Metro Vancouver Waste-to-Energy Facility,Greater Vancouver Sewerage and Drainage District,310873,-19098,291775,18938,310713,-160
Burrard Products Termi0l,Suncor Energy Inc.,12263,-96,12167,-96,12071,-192
Dillon / Brule Mine,Western Coal Corp.,202,-202,0,0,0,-202
"BC Aggregated Facilities (E < 10,000 tCO2e each)",British Columbia Hydro and Power Authority,224,9681,9905,-9905,0,-224
"BC Aggregated Facilities (E < 10,000 tCO2e each)",British Columbia Hydro and Power Authority,224,8192,8416,-8416,0,-224
"BC Aggregated Facilities (E < 10,000 tCO2e each)",British Columbia Hydro and Power Authority,224,7917,8141,-8141,0,-224
"BC Aggregated Facilities (E < 10,000 tCO2e each)",British Columbia Hydro and Power Authority,224,779,1003,-1003,0,-224
"BC Aggregated Facilities (E < 10,000 tCO2e each)",British Columbia Hydro and Power Authority,224,70126,70350,-70350,0,-224
"BC Aggregated Facilities (E < 10,000 tCO2e each)",British Columbia Hydro and Power Authority,224,7002,7226,-7226,0,-224
"BC Aggregated Facilities (E < 10,000 tCO2e each)",British Columbia Hydro and Power Authority,224,6915,7139,-7139,0,-224
"BC Aggregated Facilities (E < 10,000 tCO2e each)",British Columbia Hydro and Power Authority,224,6094,6318,-6318,0,-224
"BC Aggregated Facilities (E < 10,000 tCO2e each)",British Columbia Hydro and Power Authority,224,58549,58773,-58773,0,-224
"BC Aggregated Facilities (E < 10,000 tCO2e each)",British Columbia Hydro and Power Authority,224,4581,4805,-4805,0,-224
"BC Aggregated Facilities (E < 10,000 tCO2e each)",British Columbia Hydro and Power Authority,224,40812,41036,-41036,0,-224
"BC Aggregated Facilities (E < 10,000 tCO2e each)",British Columbia Hydro and Power Authority,224,397855,398079,-398079,0,-224
"BC Aggregated Facilities (E < 10,000 tCO2e each)",British Columbia Hydro and Power Authority,224,34360,34584,-34584,0,-224
"BC Aggregated Facilities (E < 10,000 tCO2e each)",British Columbia Hydro and Power Authority,224,34301,34525,-34525,0,-224
"BC Aggregated Facilities (E < 10,000 tCO2e each)",British Columbia Hydro and Power Authority,224,33414,33638,-33638,0,-224
"BC Aggregated Facilities (E < 10,000 tCO2e each)",British Columbia Hydro and Power Authority,224,3176,3400,-3400,0,-224
"BC Aggregated Facilities (E < 10,000 tCO2e each)",British Columbia Hydro and Power Authority,224,30745,30969,-30969,0,-224
"BC Aggregated Facilities (E < 10,000 tCO2e each)",British Columbia Hydro and Power Authority,224,28449,28673,-28673,0,-224
"BC Aggregated Facilities (E < 10,000 tCO2e each)",British Columbia Hydro and Power Authority,224,27755,27979,-27979,0,-224
"BC Aggregated Facilities (E < 10,000 tCO2e each)",British Columbia Hydro and Power Authority,224,26319,26543,-26543,0,-224
"BC Aggregated Facilities (E < 10,000 tCO2e each)",British Columbia Hydro and Power Authority,224,26100,26324,-26324,0,-224
"BC Aggregated Facilities (E < 10,000 tCO2e each)",British Columbia Hydro and Power Authority,224,2261,2485,-2485,0,-224
"BC Aggregated Facilities (E < 10,000 tCO2e each)",British Columbia Hydro and Power Authority,224,19578,19802,-19802,0,-224
"BC Aggregated Facilities (E < 10,000 tCO2e each)",British Columbia Hydro and Power Authority,224,193238,193462,-193462,0,-224
"BC Aggregated Facilities (E < 10,000 tCO2e each)",British Columbia Hydro and Power Authority,224,1860,2084,-2084,0,-224
"BC Aggregated Facilities (E < 10,000 tCO2e each)",British Columbia Hydro and Power Authority,224,17640,17864,-17864,0,-224
"BC Aggregated Facilities (E < 10,000 tCO2e each)",British Columbia Hydro and Power Authority,224,176,400,-400,0,-224
"BC Aggregated Facilities (E < 10,000 tCO2e each)",British Columbia Hydro and Power Authority,224,17403,17627,-17627,0,-224
"BC Aggregated Facilities (E < 10,000 tCO2e each)",British Columbia Hydro and Power Authority,224,14658,14882,-14882,0,-224
"BC Aggregated Facilities (E < 10,000 tCO2e each)",British Columbia Hydro and Power Authority,224,14183,14407,-14407,0,-224
"BC Aggregated Facilities (E < 10,000 tCO2e each)",British Columbia Hydro and Power Authority,224,14082,14306,-14306,0,-224
"BC Aggregated Facilities (E < 10,000 tCO2e each)",British Columbia Hydro and Power Authority,224,13757,13981,-13981,0,-224
"BC Aggregated Facilities (E < 10,000 tCO2e each)",British Columbia Hydro and Power Authority,224,1295,1519,-1519,0,-224
"BC Aggregated Facilities (E < 10,000 tCO2e each)",British Columbia Hydro and Power Authority,224,1264,1488,-1488,0,-224
"BC Aggregated Facilities (E < 10,000 tCO2e each)",British Columbia Hydro and Power Authority,224,12475,12699,-12699,0,-224
"BC Aggregated Facilities (E < 10,000 tCO2e each)",British Columbia Hydro and Power Authority,224,122543,122767,-122767,0,-224
"BC Aggregated Facilities (E < 10,000 tCO2e each)",British Columbia Hydro and Power Authority,224,113426,113650,-113650,0,-224
"BC Aggregated Facilities (E < 10,000 tCO2e each)",British Columbia Hydro and Power Authority,224,#VALUE!, -   ,#VALUE!,0,-224
"BC Aggregated Facilities (E < 10,000 tCO2e each)",British Columbia Hydro and Power Authority,224,#VALUE!, -   ,#VALUE!,0,-224
"BC Aggregated Facilities (E < 10,000 tCO2e each)",British Columbia Hydro and Power Authority,224,#VALUE!, -   ,#VALUE!,0,-224
"BC Aggregated Facilities (E < 10,000 tCO2e each)",British Columbia Hydro and Power Authority,224,#VALUE!, -   ,#VALUE!,0,-224
"BC Aggregated Facilities (E < 10,000 tCO2e each)",British Columbia Hydro and Power Authority,224,-203,21,-21,0,-224
"BC Aggregated Facilities (E < 10,000 tCO2e each)",British Columbia Hydro and Power Authority,224,-163,61,-61,0,-224
"BC Aggregated Facilities (E < 10,000 tCO2e each)",Alliance Pipeline Ltd.,235,9670,9905,-9905,0,-235
"BC Aggregated Facilities (E < 10,000 tCO2e each)",Alliance Pipeline Ltd.,235,8181,8416,-8416,0,-235
"BC Aggregated Facilities (E < 10,000 tCO2e each)",Alliance Pipeline Ltd.,235,7906,8141,-8141,0,-235
"BC Aggregated Facilities (E < 10,000 tCO2e each)",Alliance Pipeline Ltd.,235,768,1003,-1003,0,-235
"BC Aggregated Facilities (E < 10,000 tCO2e each)",Alliance Pipeline Ltd.,235,70115,70350,-70350,0,-235
"BC Aggregated Facilities (E < 10,000 tCO2e each)",Alliance Pipeline Ltd.,235,6991,7226,-7226,0,-235
"BC Aggregated Facilities (E < 10,000 tCO2e each)",Alliance Pipeline Ltd.,235,6904,7139,-7139,0,-235
"BC Aggregated Facilities (E < 10,000 tCO2e each)",Alliance Pipeline Ltd.,235,6083,6318,-6318,0,-235
"BC Aggregated Facilities (E < 10,000 tCO2e each)",Alliance Pipeline Ltd.,235,58538,58773,-58773,0,-235
"BC Aggregated Facilities (E < 10,000 tCO2e each)",Alliance Pipeline Ltd.,235,4570,4805,-4805,0,-235
"BC Aggregated Facilities (E < 10,000 tCO2e each)",Alliance Pipeline Ltd.,235,40801,41036,-41036,0,-235
"BC Aggregated Facilities (E < 10,000 tCO2e each)",Alliance Pipeline Ltd.,235,397844,398079,-398079,0,-235
"BC Aggregated Facilities (E < 10,000 tCO2e each)",Alliance Pipeline Ltd.,235,34349,34584,-34584,0,-235
"BC Aggregated Facilities (E < 10,000 tCO2e each)",Alliance Pipeline Ltd.,235,34290,34525,-34525,0,-235
"BC Aggregated Facilities (E < 10,000 tCO2e each)",Alliance Pipeline Ltd.,235,33403,33638,-33638,0,-235
"BC Aggregated Facilities (E < 10,000 tCO2e each)",Alliance Pipeline Ltd.,235,3165,3400,-3400,0,-235
"BC Aggregated Facilities (E < 10,000 tCO2e each)",Alliance Pipeline Ltd.,235,30734,30969,-30969,0,-235
"BC Aggregated Facilities (E < 10,000 tCO2e each)",Alliance Pipeline Ltd.,235,28438,28673,-28673,0,-235
"BC Aggregated Facilities (E < 10,000 tCO2e each)",Alliance Pipeline Ltd.,235,27744,27979,-27979,0,-235
"BC Aggregated Facilities (E < 10,000 tCO2e each)",Alliance Pipeline Ltd.,235,26308,26543,-26543,0,-235
"BC Aggregated Facilities (E < 10,000 tCO2e each)",Alliance Pipeline Ltd.,235,26089,26324,-26324,0,-235
"BC Aggregated Facilities (E < 10,000 tCO2e each)",Alliance Pipeline Ltd.,235,2250,2485,-2485,0,-235
"BC Aggregated Facilities (E < 10,000 tCO2e each)",Alliance Pipeline Ltd.,235,19567,19802,-19802,0,-235
"BC Aggregated Facilities (E < 10,000 tCO2e each)",Alliance Pipeline Ltd.,235,193227,193462,-193462,0,-235
"BC Aggregated Facilities (E < 10,000 tCO2e each)",Alliance Pipeline Ltd.,235,1849,2084,-2084,0,-235
"BC Aggregated Facilities (E < 10,000 tCO2e each)",Alliance Pipeline Ltd.,235,17629,17864,-17864,0,-235
"BC Aggregated Facilities (E < 10,000 tCO2e each)",Alliance Pipeline Ltd.,235,17392,17627,-17627,0,-235
"BC Aggregated Facilities (E < 10,000 tCO2e each)",Alliance Pipeline Ltd.,235,165,400,-400,0,-235
"BC Aggregated Facilities (E < 10,000 tCO2e each)",Alliance Pipeline Ltd.,235,14647,14882,-14882,0,-235
"BC Aggregated Facilities (E < 10,000 tCO2e each)",Alliance Pipeline Ltd.,235,14172,14407,-14407,0,-235
"BC Aggregated Facilities (E < 10,000 tCO2e each)",Alliance Pipeline Ltd.,235,14071,14306,-14306,0,-235
"BC Aggregated Facilities (E < 10,000 tCO2e each)",Alliance Pipeline Ltd.,235,13746,13981,-13981,0,-235
"BC Aggregated Facilities (E < 10,000 tCO2e each)",Alliance Pipeline Ltd.,235,1284,1519,-1519,0,-235
"BC Aggregated Facilities (E < 10,000 tCO2e each)",Alliance Pipeline Ltd.,235,1253,1488,-1488,0,-235
"BC Aggregated Facilities (E < 10,000 tCO2e each)",Alliance Pipeline Ltd.,235,12464,12699,-12699,0,-235
"BC Aggregated Facilities (E < 10,000 tCO2e each)",Alliance Pipeline Ltd.,235,122532,122767,-122767,0,-235
"BC Aggregated Facilities (E < 10,000 tCO2e each)",Alliance Pipeline Ltd.,235,113415,113650,-113650,0,-235
"BC Aggregated Facilities (E < 10,000 tCO2e each)",Alliance Pipeline Ltd.,235,#VALUE!, -   ,#VALUE!,0,-235
"BC Aggregated Facilities (E < 10,000 tCO2e each)",Alliance Pipeline Ltd.,235,#VALUE!, -   ,#VALUE!,0,-235
"BC Aggregated Facilities (E < 10,000 tCO2e each)",Alliance Pipeline Ltd.,235,#VALUE!, -   ,#VALUE!,0,-235
"BC Aggregated Facilities (E < 10,000 tCO2e each)",Alliance Pipeline Ltd.,235,#VALUE!, -   ,#VALUE!,0,-235
"BC Aggregated Facilities (E < 10,000 tCO2e each)",Alliance Pipeline Ltd.,235,-214,21,-21,0,-235
"BC Aggregated Facilities (E < 10,000 tCO2e each)",Alliance Pipeline Ltd.,235,-174,61,-61,0,-235
Cypress B-099-C Sour Gas Plant,Canadian natural Resources Limited,10244,-1236,9008,904,9912,-332
Wargen D-056,Devon Canada Corporation,17933,-574,17359,219,17578,-355
Highland Valley Copper Mine,Teck Highland Valley Copper Partnership,17988,-1832,16156,1191,17347,-641
Boundary Lake 8-12,Chinook Energy Inc.,10255,-163,10092,-479,9613,-642
Noel Sweet Gas Plant,ConocoPhillips Canada Resources Corp.,47592,-1094,46498,448,46946,-646
Ring Border Sweet Gas Plant,ConocoPhillips Canada Resources Corp.,13151,356,13507,-1013,12494,-657
West Sukunka Facility,Talisman Energy Inc.,23413,5637,29050,-6306,22744,-669
Kemess South Mine,Northgate Minerals Corporation,699,#VALUE!, -   ,#VALUE!,0,-699
Boundary Lake Gas Plant (BC GP 0045),Imperial Oil Resources,9853,481,10334,-1287,9047,-806
Sunset Gas Processing and Production,Shell Canada Limited,18466,372,18838,-1285,17553,-913
West Tommy Lakes Comp Station 3 A-029-I,Enerplus Corporation,12739,-737,12002,-211,11791,-948
Conroy D-48-C/94-H-12,Polar Star Canadian Oil and Gas Inc.,13046,-13046,0,11968,11968,-1078
Ladyfern B-017-I Gas Plant,Canadian natural Resources Limited,22783,-2067,20716,972,21688,-1095
Nicola Valley Division,Tolko Industries Ltd.,12546,161,12707,-1267,11440,-1106
"BC Aggregated Facilities (E < 10,000 tCO2e each)",Central Global Resources ULC,1127,957,2084,-2084,0,-1127
"BC Aggregated Facilities (E < 10,000 tCO2e each)",Central Global Resources ULC,1127,8778,9905,-9905,0,-1127
"BC Aggregated Facilities (E < 10,000 tCO2e each)",Central Global Resources ULC,1127,7289,8416,-8416,0,-1127
"BC Aggregated Facilities (E < 10,000 tCO2e each)",Central Global Resources ULC,1127,7014,8141,-8141,0,-1127
"BC Aggregated Facilities (E < 10,000 tCO2e each)",Central Global Resources ULC,1127,69223,70350,-70350,0,-1127
"BC Aggregated Facilities (E < 10,000 tCO2e each)",Central Global Resources ULC,1127,6099,7226,-7226,0,-1127
"BC Aggregated Facilities (E < 10,000 tCO2e each)",Central Global Resources ULC,1127,6012,7139,-7139,0,-1127
"BC Aggregated Facilities (E < 10,000 tCO2e each)",Central Global Resources ULC,1127,57646,58773,-58773,0,-1127
"BC Aggregated Facilities (E < 10,000 tCO2e each)",Central Global Resources ULC,1127,5191,6318,-6318,0,-1127
"BC Aggregated Facilities (E < 10,000 tCO2e each)",Central Global Resources ULC,1127,39909,41036,-41036,0,-1127
"BC Aggregated Facilities (E < 10,000 tCO2e each)",Central Global Resources ULC,1127,396952,398079,-398079,0,-1127
"BC Aggregated Facilities (E < 10,000 tCO2e each)",Central Global Resources ULC,1127,392,1519,-1519,0,-1127
"BC Aggregated Facilities (E < 10,000 tCO2e each)",Central Global Resources ULC,1127,3678,4805,-4805,0,-1127
"BC Aggregated Facilities (E < 10,000 tCO2e each)",Central Global Resources ULC,1127,361,1488,-1488,0,-1127
"BC Aggregated Facilities (E < 10,000 tCO2e each)",Central Global Resources ULC,1127,33457,34584,-34584,0,-1127
"BC Aggregated Facilities (E < 10,000 tCO2e each)",Central Global Resources ULC,1127,33398,34525,-34525,0,-1127
"BC Aggregated Facilities (E < 10,000 tCO2e each)",Central Global Resources ULC,1127,32511,33638,-33638,0,-1127
"BC Aggregated Facilities (E < 10,000 tCO2e each)",Central Global Resources ULC,1127,29842,30969,-30969,0,-1127
"BC Aggregated Facilities (E < 10,000 tCO2e each)",Central Global Resources ULC,1127,27546,28673,-28673,0,-1127
"BC Aggregated Facilities (E < 10,000 tCO2e each)",Central Global Resources ULC,1127,26852,27979,-27979,0,-1127
"BC Aggregated Facilities (E < 10,000 tCO2e each)",Central Global Resources ULC,1127,25416,26543,-26543,0,-1127
"BC Aggregated Facilities (E < 10,000 tCO2e each)",Central Global Resources ULC,1127,25197,26324,-26324,0,-1127
"BC Aggregated Facilities (E < 10,000 tCO2e each)",Central Global Resources ULC,1127,2273,3400,-3400,0,-1127
"BC Aggregated Facilities (E < 10,000 tCO2e each)",Central Global Resources ULC,1127,192335,193462,-193462,0,-1127
"BC Aggregated Facilities (E < 10,000 tCO2e each)",Central Global Resources ULC,1127,18675,19802,-19802,0,-1127
"BC Aggregated Facilities (E < 10,000 tCO2e each)",Central Global Resources ULC,1127,16737,17864,-17864,0,-1127
"BC Aggregated Facilities (E < 10,000 tCO2e each)",Central Global Resources ULC,1127,16500,17627,-17627,0,-1127
"BC Aggregated Facilities (E < 10,000 tCO2e each)",Central Global Resources ULC,1127,13755,14882,-14882,0,-1127
"BC Aggregated Facilities (E < 10,000 tCO2e each)",Central Global Resources ULC,1127,1358,2485,-2485,0,-1127
"BC Aggregated Facilities (E < 10,000 tCO2e each)",Central Global Resources ULC,1127,13280,14407,-14407,0,-1127
"BC Aggregated Facilities (E < 10,000 tCO2e each)",Central Global Resources ULC,1127,13179,14306,-14306,0,-1127
"BC Aggregated Facilities (E < 10,000 tCO2e each)",Central Global Resources ULC,1127,12854,13981,-13981,0,-1127
"BC Aggregated Facilities (E < 10,000 tCO2e each)",Central Global Resources ULC,1127,121640,122767,-122767,0,-1127
"BC Aggregated Facilities (E < 10,000 tCO2e each)",Central Global Resources ULC,1127,11572,12699,-12699,0,-1127
"BC Aggregated Facilities (E < 10,000 tCO2e each)",Central Global Resources ULC,1127,112523,113650,-113650,0,-1127
"BC Aggregated Facilities (E < 10,000 tCO2e each)",Central Global Resources ULC,1127,#VALUE!, -   ,#VALUE!,0,-1127
"BC Aggregated Facilities (E < 10,000 tCO2e each)",Central Global Resources ULC,1127,#VALUE!, -   ,#VALUE!,0,-1127
"BC Aggregated Facilities (E < 10,000 tCO2e each)",Central Global Resources ULC,1127,#VALUE!, -   ,#VALUE!,0,-1127
"BC Aggregated Facilities (E < 10,000 tCO2e each)",Central Global Resources ULC,1127,#VALUE!, -   ,#VALUE!,0,-1127
"BC Aggregated Facilities (E < 10,000 tCO2e each)",Central Global Resources ULC,1127,-727,400,-400,0,-1127
"BC Aggregated Facilities (E < 10,000 tCO2e each)",Central Global Resources ULC,1127,-124,1003,-1003,0,-1127
"BC Aggregated Facilities (E < 10,000 tCO2e each)",Central Global Resources ULC,1127,-1106,21,-21,0,-1127
"BC Aggregated Facilities (E < 10,000 tCO2e each)",Central Global Resources ULC,1127,-1066,61,-61,0,-1127
Jedney I Gas Plant,Spectra Energy Midstream Corporation,48186,-1414,46772,248,47020,-1166
FMC of Canada Facility,FMC of Canada Ltd.,16058,2832,18890,-4008,14882,-1176
Hartland Landfill,Maxim Power Corp.,12432,-2330,10102,1074,11176,-1256
Babcock Comp Stn D-099-E,Canadian natural Resources Limited,10048,-725,9323,-630,8693,-1355
Groundbirch Gas Processing and Production,Shell Canada Limited,10431,-10431,0,9018,9018,-1413
Booster Station 6 - Bluehills,Spectra Energy Transmission,17594,328,17922,-1954,15968,-1626
West Doe Plant,Spectra Energy Midstream Corporation,58634,3370,62004,-5009,56995,-1639
Ladyfern Comp Stn B-088-H,Canadian natural Resources Limited,11165,-394,10771,-1342,9429,-1736
Buick South Comp Stn D-078-I,Canadian natural Resources Limited,11174,2736,13910,-4510,9400,-1774
West Tommy Lakes Booster Station 1 C-028-K,Enerplus Corporation,14182,-1148,13034,-671,12363,-1819
Black Conroy Comp Stn B-094-J,NuVista Energy Ltd.,10277,-1619,8658,-221,8437,-1840
Heffley Creek Division,Tolko Industries Ltd.,15245,1839,17084,-3713,13371,-1874
Cutbank Comp Stn A-062-I,EnCana Corporation,8798,-2733,6065,564,6629,-2169
Graham Comp Stn C-076-K,Canadian natural Resources Limited,11289,1698,12987,-3878,9109,-2180
"BC Aggregated Facilities (E < 10,000 tCO2e each)",Pacific Northern Gas Ltd.,2385,7520,9905,-9905,0,-2385
"BC Aggregated Facilities (E < 10,000 tCO2e each)",Pacific Northern Gas Ltd.,2385,67965,70350,-70350,0,-2385
"BC Aggregated Facilities (E < 10,000 tCO2e each)",Pacific Northern Gas Ltd.,2385,6031,8416,-8416,0,-2385
"BC Aggregated Facilities (E < 10,000 tCO2e each)",Pacific Northern Gas Ltd.,2385,5756,8141,-8141,0,-2385
"BC Aggregated Facilities (E < 10,000 tCO2e each)",Pacific Northern Gas Ltd.,2385,56388,58773,-58773,0,-2385
"BC Aggregated Facilities (E < 10,000 tCO2e each)",Pacific Northern Gas Ltd.,2385,4841,7226,-7226,0,-2385
"BC Aggregated Facilities (E < 10,000 tCO2e each)",Pacific Northern Gas Ltd.,2385,4754,7139,-7139,0,-2385
"BC Aggregated Facilities (E < 10,000 tCO2e each)",Pacific Northern Gas Ltd.,2385,395694,398079,-398079,0,-2385
"BC Aggregated Facilities (E < 10,000 tCO2e each)",Pacific Northern Gas Ltd.,2385,3933,6318,-6318,0,-2385
"BC Aggregated Facilities (E < 10,000 tCO2e each)",Pacific Northern Gas Ltd.,2385,38651,41036,-41036,0,-2385
"BC Aggregated Facilities (E < 10,000 tCO2e each)",Pacific Northern Gas Ltd.,2385,32199,34584,-34584,0,-2385
"BC Aggregated Facilities (E < 10,000 tCO2e each)",Pacific Northern Gas Ltd.,2385,32140,34525,-34525,0,-2385
"BC Aggregated Facilities (E < 10,000 tCO2e each)",Pacific Northern Gas Ltd.,2385,31253,33638,-33638,0,-2385
"BC Aggregated Facilities (E < 10,000 tCO2e each)",Pacific Northern Gas Ltd.,2385,28584,30969,-30969,0,-2385
"BC Aggregated Facilities (E < 10,000 tCO2e each)",Pacific Northern Gas Ltd.,2385,26288,28673,-28673,0,-2385
"BC Aggregated Facilities (E < 10,000 tCO2e each)",Pacific Northern Gas Ltd.,2385,25594,27979,-27979,0,-2385
"BC Aggregated Facilities (E < 10,000 tCO2e each)",Pacific Northern Gas Ltd.,2385,2420,4805,-4805,0,-2385
"BC Aggregated Facilities (E < 10,000 tCO2e each)",Pacific Northern Gas Ltd.,2385,24158,26543,-26543,0,-2385
"BC Aggregated Facilities (E < 10,000 tCO2e each)",Pacific Northern Gas Ltd.,2385,23939,26324,-26324,0,-2385
"BC Aggregated Facilities (E < 10,000 tCO2e each)",Pacific Northern Gas Ltd.,2385,191077,193462,-193462,0,-2385
"BC Aggregated Facilities (E < 10,000 tCO2e each)",Pacific Northern Gas Ltd.,2385,17417,19802,-19802,0,-2385
"BC Aggregated Facilities (E < 10,000 tCO2e each)",Pacific Northern Gas Ltd.,2385,15479,17864,-17864,0,-2385
"BC Aggregated Facilities (E < 10,000 tCO2e each)",Pacific Northern Gas Ltd.,2385,15242,17627,-17627,0,-2385
"BC Aggregated Facilities (E < 10,000 tCO2e each)",Pacific Northern Gas Ltd.,2385,12497,14882,-14882,0,-2385
"BC Aggregated Facilities (E < 10,000 tCO2e each)",Pacific Northern Gas Ltd.,2385,120382,122767,-122767,0,-2385
"BC Aggregated Facilities (E < 10,000 tCO2e each)",Pacific Northern Gas Ltd.,2385,12022,14407,-14407,0,-2385
"BC Aggregated Facilities (E < 10,000 tCO2e each)",Pacific Northern Gas Ltd.,2385,11921,14306,-14306,0,-2385
"BC Aggregated Facilities (E < 10,000 tCO2e each)",Pacific Northern Gas Ltd.,2385,11596,13981,-13981,0,-2385
"BC Aggregated Facilities (E < 10,000 tCO2e each)",Pacific Northern Gas Ltd.,2385,111265,113650,-113650,0,-2385
"BC Aggregated Facilities (E < 10,000 tCO2e each)",Pacific Northern Gas Ltd.,2385,10314,12699,-12699,0,-2385
"BC Aggregated Facilities (E < 10,000 tCO2e each)",Pacific Northern Gas Ltd.,2385,1015,3400,-3400,0,-2385
"BC Aggregated Facilities (E < 10,000 tCO2e each)",Pacific Northern Gas Ltd.,2385,100,2485,-2485,0,-2385
"BC Aggregated Facilities (E < 10,000 tCO2e each)",Pacific Northern Gas Ltd.,2385,#VALUE!, -   ,#VALUE!,0,-2385
"BC Aggregated Facilities (E < 10,000 tCO2e each)",Pacific Northern Gas Ltd.,2385,#VALUE!, -   ,#VALUE!,0,-2385
"BC Aggregated Facilities (E < 10,000 tCO2e each)",Pacific Northern Gas Ltd.,2385,#VALUE!, -   ,#VALUE!,0,-2385
"BC Aggregated Facilities (E < 10,000 tCO2e each)",Pacific Northern Gas Ltd.,2385,#VALUE!, -   ,#VALUE!,0,-2385
"BC Aggregated Facilities (E < 10,000 tCO2e each)",Pacific Northern Gas Ltd.,2385,-897,1488,-1488,0,-2385
"BC Aggregated Facilities (E < 10,000 tCO2e each)",Pacific Northern Gas Ltd.,2385,-866,1519,-1519,0,-2385
"BC Aggregated Facilities (E < 10,000 tCO2e each)",Pacific Northern Gas Ltd.,2385,-301,2084,-2084,0,-2385
"BC Aggregated Facilities (E < 10,000 tCO2e each)",Pacific Northern Gas Ltd.,2385,-2364,21,-21,0,-2385
"BC Aggregated Facilities (E < 10,000 tCO2e each)",Pacific Northern Gas Ltd.,2385,-2324,61,-61,0,-2385
"BC Aggregated Facilities (E < 10,000 tCO2e each)",Pacific Northern Gas Ltd.,2385,-1985,400,-400,0,-2385
"BC Aggregated Facilities (E < 10,000 tCO2e each)",Pacific Northern Gas Ltd.,2385,-1382,1003,-1003,0,-2385
Jedney Comp Stn A-062-E,Canadian natural Resources Limited,12159,-2748,9411,304,9715,-2444
Hythe Comp Stn A-029-H,EnCana Corporation,20392,-1695,18697,-781,17916,-2476
Maxhamish Comp Stn D-036-I,EOG Resources Canada Inc.,16423,-135,16288,-2453,13835,-2588
"BC Aggregated Facilities (E < 10,000 tCO2e each)",naL Resources Ltd.,2629,771,3400,-3400,0,-2629
"BC Aggregated Facilities (E < 10,000 tCO2e each)",naL Resources Ltd.,2629,7276,9905,-9905,0,-2629
"BC Aggregated Facilities (E < 10,000 tCO2e each)",naL Resources Ltd.,2629,67721,70350,-70350,0,-2629
"BC Aggregated Facilities (E < 10,000 tCO2e each)",naL Resources Ltd.,2629,5787,8416,-8416,0,-2629
"BC Aggregated Facilities (E < 10,000 tCO2e each)",naL Resources Ltd.,2629,56144,58773,-58773,0,-2629
"BC Aggregated Facilities (E < 10,000 tCO2e each)",naL Resources Ltd.,2629,5512,8141,-8141,0,-2629
"BC Aggregated Facilities (E < 10,000 tCO2e each)",naL Resources Ltd.,2629,4597,7226,-7226,0,-2629
"BC Aggregated Facilities (E < 10,000 tCO2e each)",naL Resources Ltd.,2629,4510,7139,-7139,0,-2629
"BC Aggregated Facilities (E < 10,000 tCO2e each)",naL Resources Ltd.,2629,395450,398079,-398079,0,-2629
"BC Aggregated Facilities (E < 10,000 tCO2e each)",naL Resources Ltd.,2629,38407,41036,-41036,0,-2629
"BC Aggregated Facilities (E < 10,000 tCO2e each)",naL Resources Ltd.,2629,3689,6318,-6318,0,-2629
"BC Aggregated Facilities (E < 10,000 tCO2e each)",naL Resources Ltd.,2629,31955,34584,-34584,0,-2629
"BC Aggregated Facilities (E < 10,000 tCO2e each)",naL Resources Ltd.,2629,31896,34525,-34525,0,-2629
"BC Aggregated Facilities (E < 10,000 tCO2e each)",naL Resources Ltd.,2629,31009,33638,-33638,0,-2629
"BC Aggregated Facilities (E < 10,000 tCO2e each)",naL Resources Ltd.,2629,28340,30969,-30969,0,-2629
"BC Aggregated Facilities (E < 10,000 tCO2e each)",naL Resources Ltd.,2629,26044,28673,-28673,0,-2629
"BC Aggregated Facilities (E < 10,000 tCO2e each)",naL Resources Ltd.,2629,25350,27979,-27979,0,-2629
"BC Aggregated Facilities (E < 10,000 tCO2e each)",naL Resources Ltd.,2629,23914,26543,-26543,0,-2629
"BC Aggregated Facilities (E < 10,000 tCO2e each)",naL Resources Ltd.,2629,23695,26324,-26324,0,-2629
"BC Aggregated Facilities (E < 10,000 tCO2e each)",naL Resources Ltd.,2629,2176,4805,-4805,0,-2629
"BC Aggregated Facilities (E < 10,000 tCO2e each)",naL Resources Ltd.,2629,190833,193462,-193462,0,-2629
"BC Aggregated Facilities (E < 10,000 tCO2e each)",naL Resources Ltd.,2629,17173,19802,-19802,0,-2629
"BC Aggregated Facilities (E < 10,000 tCO2e each)",naL Resources Ltd.,2629,15235,17864,-17864,0,-2629
"BC Aggregated Facilities (E < 10,000 tCO2e each)",naL Resources Ltd.,2629,14998,17627,-17627,0,-2629
"BC Aggregated Facilities (E < 10,000 tCO2e each)",naL Resources Ltd.,2629,12253,14882,-14882,0,-2629
"BC Aggregated Facilities (E < 10,000 tCO2e each)",naL Resources Ltd.,2629,120138,122767,-122767,0,-2629
"BC Aggregated Facilities (E < 10,000 tCO2e each)",naL Resources Ltd.,2629,11778,14407,-14407,0,-2629
"BC Aggregated Facilities (E < 10,000 tCO2e each)",naL Resources Ltd.,2629,11677,14306,-14306,0,-2629
"BC Aggregated Facilities (E < 10,000 tCO2e each)",naL Resources Ltd.,2629,11352,13981,-13981,0,-2629
"BC Aggregated Facilities (E < 10,000 tCO2e each)",naL Resources Ltd.,2629,111021,113650,-113650,0,-2629
"BC Aggregated Facilities (E < 10,000 tCO2e each)",naL Resources Ltd.,2629,10070,12699,-12699,0,-2629
"BC Aggregated Facilities (E < 10,000 tCO2e each)",naL Resources Ltd.,2629,#VALUE!, -   ,#VALUE!,0,-2629
"BC Aggregated Facilities (E < 10,000 tCO2e each)",naL Resources Ltd.,2629,#VALUE!, -   ,#VALUE!,0,-2629
"BC Aggregated Facilities (E < 10,000 tCO2e each)",naL Resources Ltd.,2629,#VALUE!, -   ,#VALUE!,0,-2629
"BC Aggregated Facilities (E < 10,000 tCO2e each)",naL Resources Ltd.,2629,#VALUE!, -   ,#VALUE!,0,-2629
"BC Aggregated Facilities (E < 10,000 tCO2e each)",naL Resources Ltd.,2629,-545,2084,-2084,0,-2629
"BC Aggregated Facilities (E < 10,000 tCO2e each)",naL Resources Ltd.,2629,-2608,21,-21,0,-2629
"BC Aggregated Facilities (E < 10,000 tCO2e each)",naL Resources Ltd.,2629,-2568,61,-61,0,-2629
"BC Aggregated Facilities (E < 10,000 tCO2e each)",naL Resources Ltd.,2629,-2229,400,-400,0,-2629
"BC Aggregated Facilities (E < 10,000 tCO2e each)",naL Resources Ltd.,2629,-1626,1003,-1003,0,-2629
"BC Aggregated Facilities (E < 10,000 tCO2e each)",naL Resources Ltd.,2629,-144,2485,-2485,0,-2629
"BC Aggregated Facilities (E < 10,000 tCO2e each)",naL Resources Ltd.,2629,-1141,1488,-1488,0,-2629
"BC Aggregated Facilities (E < 10,000 tCO2e each)",naL Resources Ltd.,2629,-1110,1519,-1519,0,-2629
"BC Aggregated Facilities (E < 10,000 tCO2e each)",ExxonMobil Canada Ltd.,2671,729,3400,-3400,0,-2671
"BC Aggregated Facilities (E < 10,000 tCO2e each)",ExxonMobil Canada Ltd.,2671,7234,9905,-9905,0,-2671
"BC Aggregated Facilities (E < 10,000 tCO2e each)",ExxonMobil Canada Ltd.,2671,67679,70350,-70350,0,-2671
"BC Aggregated Facilities (E < 10,000 tCO2e each)",ExxonMobil Canada Ltd.,2671,5745,8416,-8416,0,-2671
"BC Aggregated Facilities (E < 10,000 tCO2e each)",ExxonMobil Canada Ltd.,2671,56102,58773,-58773,0,-2671
"BC Aggregated Facilities (E < 10,000 tCO2e each)",ExxonMobil Canada Ltd.,2671,5470,8141,-8141,0,-2671
"BC Aggregated Facilities (E < 10,000 tCO2e each)",ExxonMobil Canada Ltd.,2671,4555,7226,-7226,0,-2671
"BC Aggregated Facilities (E < 10,000 tCO2e each)",ExxonMobil Canada Ltd.,2671,4468,7139,-7139,0,-2671
"BC Aggregated Facilities (E < 10,000 tCO2e each)",ExxonMobil Canada Ltd.,2671,395408,398079,-398079,0,-2671
"BC Aggregated Facilities (E < 10,000 tCO2e each)",ExxonMobil Canada Ltd.,2671,38365,41036,-41036,0,-2671
"BC Aggregated Facilities (E < 10,000 tCO2e each)",ExxonMobil Canada Ltd.,2671,3647,6318,-6318,0,-2671
"BC Aggregated Facilities (E < 10,000 tCO2e each)",ExxonMobil Canada Ltd.,2671,31913,34584,-34584,0,-2671
"BC Aggregated Facilities (E < 10,000 tCO2e each)",ExxonMobil Canada Ltd.,2671,31854,34525,-34525,0,-2671
"BC Aggregated Facilities (E < 10,000 tCO2e each)",ExxonMobil Canada Ltd.,2671,30967,33638,-33638,0,-2671
"BC Aggregated Facilities (E < 10,000 tCO2e each)",ExxonMobil Canada Ltd.,2671,28298,30969,-30969,0,-2671
"BC Aggregated Facilities (E < 10,000 tCO2e each)",ExxonMobil Canada Ltd.,2671,26002,28673,-28673,0,-2671
"BC Aggregated Facilities (E < 10,000 tCO2e each)",ExxonMobil Canada Ltd.,2671,25308,27979,-27979,0,-2671
"BC Aggregated Facilities (E < 10,000 tCO2e each)",ExxonMobil Canada Ltd.,2671,23872,26543,-26543,0,-2671
"BC Aggregated Facilities (E < 10,000 tCO2e each)",ExxonMobil Canada Ltd.,2671,23653,26324,-26324,0,-2671
"BC Aggregated Facilities (E < 10,000 tCO2e each)",ExxonMobil Canada Ltd.,2671,2134,4805,-4805,0,-2671
"BC Aggregated Facilities (E < 10,000 tCO2e each)",ExxonMobil Canada Ltd.,2671,190791,193462,-193462,0,-2671
"BC Aggregated Facilities (E < 10,000 tCO2e each)",ExxonMobil Canada Ltd.,2671,17131,19802,-19802,0,-2671
"BC Aggregated Facilities (E < 10,000 tCO2e each)",ExxonMobil Canada Ltd.,2671,15193,17864,-17864,0,-2671
"BC Aggregated Facilities (E < 10,000 tCO2e each)",ExxonMobil Canada Ltd.,2671,14956,17627,-17627,0,-2671
"BC Aggregated Facilities (E < 10,000 tCO2e each)",ExxonMobil Canada Ltd.,2671,12211,14882,-14882,0,-2671
"BC Aggregated Facilities (E < 10,000 tCO2e each)",ExxonMobil Canada Ltd.,2671,120096,122767,-122767,0,-2671
"BC Aggregated Facilities (E < 10,000 tCO2e each)",ExxonMobil Canada Ltd.,2671,11736,14407,-14407,0,-2671
"BC Aggregated Facilities (E < 10,000 tCO2e each)",ExxonMobil Canada Ltd.,2671,11635,14306,-14306,0,-2671
"BC Aggregated Facilities (E < 10,000 tCO2e each)",ExxonMobil Canada Ltd.,2671,11310,13981,-13981,0,-2671
"BC Aggregated Facilities (E < 10,000 tCO2e each)",ExxonMobil Canada Ltd.,2671,110979,113650,-113650,0,-2671
"BC Aggregated Facilities (E < 10,000 tCO2e each)",ExxonMobil Canada Ltd.,2671,10028,12699,-12699,0,-2671
"BC Aggregated Facilities (E < 10,000 tCO2e each)",ExxonMobil Canada Ltd.,2671,#VALUE!, -   ,#VALUE!,0,-2671
"BC Aggregated Facilities (E < 10,000 tCO2e each)",ExxonMobil Canada Ltd.,2671,#VALUE!, -   ,#VALUE!,0,-2671
"BC Aggregated Facilities (E < 10,000 tCO2e each)",ExxonMobil Canada Ltd.,2671,#VALUE!, -   ,#VALUE!,0,-2671
"BC Aggregated Facilities (E < 10,000 tCO2e each)",ExxonMobil Canada Ltd.,2671,#VALUE!, -   ,#VALUE!,0,-2671
"BC Aggregated Facilities (E < 10,000 tCO2e each)",ExxonMobil Canada Ltd.,2671,-587,2084,-2084,0,-2671
"BC Aggregated Facilities (E < 10,000 tCO2e each)",ExxonMobil Canada Ltd.,2671,-2650,21,-21,0,-2671
"BC Aggregated Facilities (E < 10,000 tCO2e each)",ExxonMobil Canada Ltd.,2671,-2610,61,-61,0,-2671
"BC Aggregated Facilities (E < 10,000 tCO2e each)",ExxonMobil Canada Ltd.,2671,-2271,400,-400,0,-2671
"BC Aggregated Facilities (E < 10,000 tCO2e each)",ExxonMobil Canada Ltd.,2671,-186,2485,-2485,0,-2671
"BC Aggregated Facilities (E < 10,000 tCO2e each)",ExxonMobil Canada Ltd.,2671,-1668,1003,-1003,0,-2671
"BC Aggregated Facilities (E < 10,000 tCO2e each)",ExxonMobil Canada Ltd.,2671,-1183,1488,-1488,0,-2671
"BC Aggregated Facilities (E < 10,000 tCO2e each)",ExxonMobil Canada Ltd.,2671,-1152,1519,-1519,0,-2671
Murray River Comp Stn C-033-J,Canadian natural Resources Limited,26079,-5378,20701,2618,23319,-2760
Petrobank Monias 8-22-82-20,PetroBakken Energy Ltd.,2821,2126,4947,-4947,0,-2821
"BC Aggregated Facilities (E < 10,000 tCO2e each)",Shell Canada Limited,2826,9873,12699,-12699,0,-2826
"BC Aggregated Facilities (E < 10,000 tCO2e each)",Shell Canada Limited,2826,7079,9905,-9905,0,-2826
"BC Aggregated Facilities (E < 10,000 tCO2e each)",Shell Canada Limited,2826,67524,70350,-70350,0,-2826
"BC Aggregated Facilities (E < 10,000 tCO2e each)",Shell Canada Limited,2826,574,3400,-3400,0,-2826
"BC Aggregated Facilities (E < 10,000 tCO2e each)",Shell Canada Limited,2826,55947,58773,-58773,0,-2826
"BC Aggregated Facilities (E < 10,000 tCO2e each)",Shell Canada Limited,2826,5590,8416,-8416,0,-2826
"BC Aggregated Facilities (E < 10,000 tCO2e each)",Shell Canada Limited,2826,5315,8141,-8141,0,-2826
"BC Aggregated Facilities (E < 10,000 tCO2e each)",Shell Canada Limited,2826,4400,7226,-7226,0,-2826
"BC Aggregated Facilities (E < 10,000 tCO2e each)",Shell Canada Limited,2826,4313,7139,-7139,0,-2826
"BC Aggregated Facilities (E < 10,000 tCO2e each)",Shell Canada Limited,2826,395253,398079,-398079,0,-2826
"BC Aggregated Facilities (E < 10,000 tCO2e each)",Shell Canada Limited,2826,38210,41036,-41036,0,-2826
"BC Aggregated Facilities (E < 10,000 tCO2e each)",Shell Canada Limited,2826,3492,6318,-6318,0,-2826
"BC Aggregated Facilities (E < 10,000 tCO2e each)",Shell Canada Limited,2826,31758,34584,-34584,0,-2826
"BC Aggregated Facilities (E < 10,000 tCO2e each)",Shell Canada Limited,2826,31699,34525,-34525,0,-2826
"BC Aggregated Facilities (E < 10,000 tCO2e each)",Shell Canada Limited,2826,30812,33638,-33638,0,-2826
"BC Aggregated Facilities (E < 10,000 tCO2e each)",Shell Canada Limited,2826,28143,30969,-30969,0,-2826
"BC Aggregated Facilities (E < 10,000 tCO2e each)",Shell Canada Limited,2826,25847,28673,-28673,0,-2826
"BC Aggregated Facilities (E < 10,000 tCO2e each)",Shell Canada Limited,2826,25153,27979,-27979,0,-2826
"BC Aggregated Facilities (E < 10,000 tCO2e each)",Shell Canada Limited,2826,23717,26543,-26543,0,-2826
"BC Aggregated Facilities (E < 10,000 tCO2e each)",Shell Canada Limited,2826,23498,26324,-26324,0,-2826
"BC Aggregated Facilities (E < 10,000 tCO2e each)",Shell Canada Limited,2826,1979,4805,-4805,0,-2826
"BC Aggregated Facilities (E < 10,000 tCO2e each)",Shell Canada Limited,2826,190636,193462,-193462,0,-2826
"BC Aggregated Facilities (E < 10,000 tCO2e each)",Shell Canada Limited,2826,16976,19802,-19802,0,-2826
"BC Aggregated Facilities (E < 10,000 tCO2e each)",Shell Canada Limited,2826,15038,17864,-17864,0,-2826
"BC Aggregated Facilities (E < 10,000 tCO2e each)",Shell Canada Limited,2826,14801,17627,-17627,0,-2826
"BC Aggregated Facilities (E < 10,000 tCO2e each)",Shell Canada Limited,2826,12056,14882,-14882,0,-2826
"BC Aggregated Facilities (E < 10,000 tCO2e each)",Shell Canada Limited,2826,119941,122767,-122767,0,-2826
"BC Aggregated Facilities (E < 10,000 tCO2e each)",Shell Canada Limited,2826,11581,14407,-14407,0,-2826
"BC Aggregated Facilities (E < 10,000 tCO2e each)",Shell Canada Limited,2826,11480,14306,-14306,0,-2826
"BC Aggregated Facilities (E < 10,000 tCO2e each)",Shell Canada Limited,2826,11155,13981,-13981,0,-2826
"BC Aggregated Facilities (E < 10,000 tCO2e each)",Shell Canada Limited,2826,110824,113650,-113650,0,-2826
"BC Aggregated Facilities (E < 10,000 tCO2e each)",Shell Canada Limited,2826,#VALUE!, -   ,#VALUE!,0,-2826
"BC Aggregated Facilities (E < 10,000 tCO2e each)",Shell Canada Limited,2826,#VALUE!, -   ,#VALUE!,0,-2826
"BC Aggregated Facilities (E < 10,000 tCO2e each)",Shell Canada Limited,2826,#VALUE!, -   ,#VALUE!,0,-2826
"BC Aggregated Facilities (E < 10,000 tCO2e each)",Shell Canada Limited,2826,#VALUE!, -   ,#VALUE!,0,-2826
"BC Aggregated Facilities (E < 10,000 tCO2e each)",Shell Canada Limited,2826,-742,2084,-2084,0,-2826
"BC Aggregated Facilities (E < 10,000 tCO2e each)",Shell Canada Limited,2826,-341,2485,-2485,0,-2826
"BC Aggregated Facilities (E < 10,000 tCO2e each)",Shell Canada Limited,2826,-2805,21,-21,0,-2826
"BC Aggregated Facilities (E < 10,000 tCO2e each)",Shell Canada Limited,2826,-2765,61,-61,0,-2826
"BC Aggregated Facilities (E < 10,000 tCO2e each)",Shell Canada Limited,2826,-2426,400,-400,0,-2826
"BC Aggregated Facilities (E < 10,000 tCO2e each)",Shell Canada Limited,2826,-1823,1003,-1003,0,-2826
"BC Aggregated Facilities (E < 10,000 tCO2e each)",Shell Canada Limited,2826,-1338,1488,-1488,0,-2826
"BC Aggregated Facilities (E < 10,000 tCO2e each)",Shell Canada Limited,2826,-1307,1519,-1519,0,-2826
Sundown Gas Processing and Production,Shell Canada Limited,12634,-1603,11031,-1280,9751,-2883
Tooga Plant,Spectra Energy Midstream Corporation,24368,1298,25666,-4417,21249,-3119
Cutbank Comp Stn A-038-I,EnCana Corporation,18644,-289,18355,-2909,15446,-3198
Martin Creek A-033,Devon Canada Corporation,11133,-3268,7865,57,7922,-3211
Hiding Comp Station B-053-A,ConocoPhillips Canada Resources Corp.,17747,2169,19916,-5513,14403,-3344
Doig River Comp Stn C-073-I,Lone Pine Resources Canada Ltd.,3417,-3417,0,0,0,-3417
Martin Creek Sour Gas Plant B-002-E,NuVista Energy Ltd.,18491,-2307,16184,-1173,15011,-3480
Cutbank Comp Stn B-100-B,EnCana Corporation,17643,1101,18744,-4691,14053,-3590
Cutbank Comp Stn C-029-A,EnCana Corporation,8730,190,8920,-4132,4788,-3942
Brassey Gas Processing and Production,Shell Canada Limited,25633,-3741,21892,-245,21647,-3986
July Lake Comp Stn A-071-G,Canadian natural Resources Limited,20720,-1530,19190,-3116,16074,-4646
Parkland Gas Plant 03-09,ARC Resources,5082,-5082,0,0,0,-5082
Elleh Sweet Gas Plant,EnCana Corporation,28337,-1831,26506,-3287,23219,-5118
Midway Comp Stn B-065-B,EnCana Corporation,14439,1853,16292,-7054,9238,-5201
Kitimat Works,Rio Tinto Alcan,43220,-3014,40206,-2252,37954,-5266
Brassey Comp Station D-013-F,ConocoPhillips Canada Resources Corp.,17924,1074,18998,-6379,12619,-5305
"BC Aggregated Facilities (E < 10,000 tCO2e each)",Lone Pine Resources Canada Ltd.,5458,9424,14882,-14882,0,-5458
"BC Aggregated Facilities (E < 10,000 tCO2e each)",Lone Pine Resources Canada Ltd.,5458,8949,14407,-14407,0,-5458
"BC Aggregated Facilities (E < 10,000 tCO2e each)",Lone Pine Resources Canada Ltd.,5458,8848,14306,-14306,0,-5458
"BC Aggregated Facilities (E < 10,000 tCO2e each)",Lone Pine Resources Canada Ltd.,5458,860,6318,-6318,0,-5458
"BC Aggregated Facilities (E < 10,000 tCO2e each)",Lone Pine Resources Canada Ltd.,5458,8523,13981,-13981,0,-5458
"BC Aggregated Facilities (E < 10,000 tCO2e each)",Lone Pine Resources Canada Ltd.,5458,7241,12699,-12699,0,-5458
"BC Aggregated Facilities (E < 10,000 tCO2e each)",Lone Pine Resources Canada Ltd.,5458,64892,70350,-70350,0,-5458
"BC Aggregated Facilities (E < 10,000 tCO2e each)",Lone Pine Resources Canada Ltd.,5458,53315,58773,-58773,0,-5458
"BC Aggregated Facilities (E < 10,000 tCO2e each)",Lone Pine Resources Canada Ltd.,5458,4447,9905,-9905,0,-5458
"BC Aggregated Facilities (E < 10,000 tCO2e each)",Lone Pine Resources Canada Ltd.,5458,392621,398079,-398079,0,-5458
"BC Aggregated Facilities (E < 10,000 tCO2e each)",Lone Pine Resources Canada Ltd.,5458,35578,41036,-41036,0,-5458
"BC Aggregated Facilities (E < 10,000 tCO2e each)",Lone Pine Resources Canada Ltd.,5458,2958,8416,-8416,0,-5458
"BC Aggregated Facilities (E < 10,000 tCO2e each)",Lone Pine Resources Canada Ltd.,5458,29126,34584,-34584,0,-5458
"BC Aggregated Facilities (E < 10,000 tCO2e each)",Lone Pine Resources Canada Ltd.,5458,29067,34525,-34525,0,-5458
"BC Aggregated Facilities (E < 10,000 tCO2e each)",Lone Pine Resources Canada Ltd.,5458,28180,33638,-33638,0,-5458
"BC Aggregated Facilities (E < 10,000 tCO2e each)",Lone Pine Resources Canada Ltd.,5458,2683,8141,-8141,0,-5458
"BC Aggregated Facilities (E < 10,000 tCO2e each)",Lone Pine Resources Canada Ltd.,5458,25511,30969,-30969,0,-5458
"BC Aggregated Facilities (E < 10,000 tCO2e each)",Lone Pine Resources Canada Ltd.,5458,23215,28673,-28673,0,-5458
"BC Aggregated Facilities (E < 10,000 tCO2e each)",Lone Pine Resources Canada Ltd.,5458,22521,27979,-27979,0,-5458
"BC Aggregated Facilities (E < 10,000 tCO2e each)",Lone Pine Resources Canada Ltd.,5458,21085,26543,-26543,0,-5458
"BC Aggregated Facilities (E < 10,000 tCO2e each)",Lone Pine Resources Canada Ltd.,5458,20866,26324,-26324,0,-5458
"BC Aggregated Facilities (E < 10,000 tCO2e each)",Lone Pine Resources Canada Ltd.,5458,188004,193462,-193462,0,-5458
"BC Aggregated Facilities (E < 10,000 tCO2e each)",Lone Pine Resources Canada Ltd.,5458,1768,7226,-7226,0,-5458
"BC Aggregated Facilities (E < 10,000 tCO2e each)",Lone Pine Resources Canada Ltd.,5458,1681,7139,-7139,0,-5458
"BC Aggregated Facilities (E < 10,000 tCO2e each)",Lone Pine Resources Canada Ltd.,5458,14344,19802,-19802,0,-5458
"BC Aggregated Facilities (E < 10,000 tCO2e each)",Lone Pine Resources Canada Ltd.,5458,12406,17864,-17864,0,-5458
"BC Aggregated Facilities (E < 10,000 tCO2e each)",Lone Pine Resources Canada Ltd.,5458,12169,17627,-17627,0,-5458
"BC Aggregated Facilities (E < 10,000 tCO2e each)",Lone Pine Resources Canada Ltd.,5458,117309,122767,-122767,0,-5458
"BC Aggregated Facilities (E < 10,000 tCO2e each)",Lone Pine Resources Canada Ltd.,5458,108192,113650,-113650,0,-5458
"BC Aggregated Facilities (E < 10,000 tCO2e each)",Lone Pine Resources Canada Ltd.,5458,#VALUE!, -   ,#VALUE!,0,-5458
"BC Aggregated Facilities (E < 10,000 tCO2e each)",Lone Pine Resources Canada Ltd.,5458,#VALUE!, -   ,#VALUE!,0,-5458
"BC Aggregated Facilities (E < 10,000 tCO2e each)",Lone Pine Resources Canada Ltd.,5458,#VALUE!, -   ,#VALUE!,0,-5458
"BC Aggregated Facilities (E < 10,000 tCO2e each)",Lone Pine Resources Canada Ltd.,5458,#VALUE!, -   ,#VALUE!,0,-5458
"BC Aggregated Facilities (E < 10,000 tCO2e each)",Lone Pine Resources Canada Ltd.,5458,-653,4805,-4805,0,-5458
"BC Aggregated Facilities (E < 10,000 tCO2e each)",Lone Pine Resources Canada Ltd.,5458,-5437,21,-21,0,-5458
"BC Aggregated Facilities (E < 10,000 tCO2e each)",Lone Pine Resources Canada Ltd.,5458,-5397,61,-61,0,-5458
"BC Aggregated Facilities (E < 10,000 tCO2e each)",Lone Pine Resources Canada Ltd.,5458,-5058,400,-400,0,-5458
"BC Aggregated Facilities (E < 10,000 tCO2e each)",Lone Pine Resources Canada Ltd.,5458,-4455,1003,-1003,0,-5458
"BC Aggregated Facilities (E < 10,000 tCO2e each)",Lone Pine Resources Canada Ltd.,5458,-3970,1488,-1488,0,-5458
"BC Aggregated Facilities (E < 10,000 tCO2e each)",Lone Pine Resources Canada Ltd.,5458,-3939,1519,-1519,0,-5458
"BC Aggregated Facilities (E < 10,000 tCO2e each)",Lone Pine Resources Canada Ltd.,5458,-3374,2084,-2084,0,-5458
"BC Aggregated Facilities (E < 10,000 tCO2e each)",Lone Pine Resources Canada Ltd.,5458,-2973,2485,-2485,0,-5458
"BC Aggregated Facilities (E < 10,000 tCO2e each)",Lone Pine Resources Canada Ltd.,5458,-2058,3400,-3400,0,-5458
Plateau Sawmill,Canadian Forest Products Ltd.,5633,465,6098,-6098,0,-5633
Bivouac B-099-H/094-I-08,Husky Oil Operations Limited,17795,-4074,13721,-1584,12137,-5658
Pickell Facility,Central Global Resources ULC,5761,967,6728,-6728,0,-5761
Peggo Plant,Spectra Energy Midstream Corporation,18505,553,19058,-6361,12697,-5808
"BC Aggregated Facilities (E < 10,000 tCO2e each)",NuVista Energy Ltd.,5884,8998,14882,-14882,0,-5884
"BC Aggregated Facilities (E < 10,000 tCO2e each)",NuVista Energy Ltd.,5884,8523,14407,-14407,0,-5884
"BC Aggregated Facilities (E < 10,000 tCO2e each)",NuVista Energy Ltd.,5884,8422,14306,-14306,0,-5884
"BC Aggregated Facilities (E < 10,000 tCO2e each)",NuVista Energy Ltd.,5884,8097,13981,-13981,0,-5884
"BC Aggregated Facilities (E < 10,000 tCO2e each)",NuVista Energy Ltd.,5884,6815,12699,-12699,0,-5884
"BC Aggregated Facilities (E < 10,000 tCO2e each)",NuVista Energy Ltd.,5884,64466,70350,-70350,0,-5884
"BC Aggregated Facilities (E < 10,000 tCO2e each)",NuVista Energy Ltd.,5884,52889,58773,-58773,0,-5884
"BC Aggregated Facilities (E < 10,000 tCO2e each)",NuVista Energy Ltd.,5884,434,6318,-6318,0,-5884
"BC Aggregated Facilities (E < 10,000 tCO2e each)",NuVista Energy Ltd.,5884,4021,9905,-9905,0,-5884
"BC Aggregated Facilities (E < 10,000 tCO2e each)",NuVista Energy Ltd.,5884,392195,398079,-398079,0,-5884
"BC Aggregated Facilities (E < 10,000 tCO2e each)",NuVista Energy Ltd.,5884,35152,41036,-41036,0,-5884
"BC Aggregated Facilities (E < 10,000 tCO2e each)",NuVista Energy Ltd.,5884,28700,34584,-34584,0,-5884
"BC Aggregated Facilities (E < 10,000 tCO2e each)",NuVista Energy Ltd.,5884,28641,34525,-34525,0,-5884
"BC Aggregated Facilities (E < 10,000 tCO2e each)",NuVista Energy Ltd.,5884,27754,33638,-33638,0,-5884
"BC Aggregated Facilities (E < 10,000 tCO2e each)",NuVista Energy Ltd.,5884,2532,8416,-8416,0,-5884
"BC Aggregated Facilities (E < 10,000 tCO2e each)",NuVista Energy Ltd.,5884,25085,30969,-30969,0,-5884
"BC Aggregated Facilities (E < 10,000 tCO2e each)",NuVista Energy Ltd.,5884,22789,28673,-28673,0,-5884
"BC Aggregated Facilities (E < 10,000 tCO2e each)",NuVista Energy Ltd.,5884,2257,8141,-8141,0,-5884
"BC Aggregated Facilities (E < 10,000 tCO2e each)",NuVista Energy Ltd.,5884,22095,27979,-27979,0,-5884
"BC Aggregated Facilities (E < 10,000 tCO2e each)",NuVista Energy Ltd.,5884,20659,26543,-26543,0,-5884
"BC Aggregated Facilities (E < 10,000 tCO2e each)",NuVista Energy Ltd.,5884,20440,26324,-26324,0,-5884
"BC Aggregated Facilities (E < 10,000 tCO2e each)",NuVista Energy Ltd.,5884,187578,193462,-193462,0,-5884
"BC Aggregated Facilities (E < 10,000 tCO2e each)",NuVista Energy Ltd.,5884,13918,19802,-19802,0,-5884
"BC Aggregated Facilities (E < 10,000 tCO2e each)",NuVista Energy Ltd.,5884,1342,7226,-7226,0,-5884
"BC Aggregated Facilities (E < 10,000 tCO2e each)",NuVista Energy Ltd.,5884,1255,7139,-7139,0,-5884
"BC Aggregated Facilities (E < 10,000 tCO2e each)",NuVista Energy Ltd.,5884,11980,17864,-17864,0,-5884
"BC Aggregated Facilities (E < 10,000 tCO2e each)",NuVista Energy Ltd.,5884,11743,17627,-17627,0,-5884
"BC Aggregated Facilities (E < 10,000 tCO2e each)",NuVista Energy Ltd.,5884,116883,122767,-122767,0,-5884
"BC Aggregated Facilities (E < 10,000 tCO2e each)",NuVista Energy Ltd.,5884,107766,113650,-113650,0,-5884
"BC Aggregated Facilities (E < 10,000 tCO2e each)",NuVista Energy Ltd.,5884,#VALUE!, -   ,#VALUE!,0,-5884
"BC Aggregated Facilities (E < 10,000 tCO2e each)",NuVista Energy Ltd.,5884,#VALUE!, -   ,#VALUE!,0,-5884
"BC Aggregated Facilities (E < 10,000 tCO2e each)",NuVista Energy Ltd.,5884,#VALUE!, -   ,#VALUE!,0,-5884
"BC Aggregated Facilities (E < 10,000 tCO2e each)",NuVista Energy Ltd.,5884,#VALUE!, -   ,#VALUE!,0,-5884
"BC Aggregated Facilities (E < 10,000 tCO2e each)",NuVista Energy Ltd.,5884,-5863,21,-21,0,-5884
"BC Aggregated Facilities (E < 10,000 tCO2e each)",NuVista Energy Ltd.,5884,-5823,61,-61,0,-5884
"BC Aggregated Facilities (E < 10,000 tCO2e each)",NuVista Energy Ltd.,5884,-5484,400,-400,0,-5884
"BC Aggregated Facilities (E < 10,000 tCO2e each)",NuVista Energy Ltd.,5884,-4881,1003,-1003,0,-5884
"BC Aggregated Facilities (E < 10,000 tCO2e each)",NuVista Energy Ltd.,5884,-4396,1488,-1488,0,-5884
"BC Aggregated Facilities (E < 10,000 tCO2e each)",NuVista Energy Ltd.,5884,-4365,1519,-1519,0,-5884
"BC Aggregated Facilities (E < 10,000 tCO2e each)",NuVista Energy Ltd.,5884,-3800,2084,-2084,0,-5884
"BC Aggregated Facilities (E < 10,000 tCO2e each)",NuVista Energy Ltd.,5884,-3399,2485,-2485,0,-5884
"BC Aggregated Facilities (E < 10,000 tCO2e each)",NuVista Energy Ltd.,5884,-2484,3400,-3400,0,-5884
"BC Aggregated Facilities (E < 10,000 tCO2e each)",NuVista Energy Ltd.,5884,-1079,4805,-4805,0,-5884
"V1 Compressor Station, Eagle Mountain",FortisBC Energy (Vancouver Island) Inc.,33050,-5971,27079,-480,26599,-6451
Sextet Comp Stn B-067-J,EnCana Corporation,6490,-6490,0,0,0,-6490
Desan Facility,ISH Energy Ltd.,6761,-6761,0,0,0,-6761
Elkview Operations,Teck Coal Limited,82885,-13226,69659,6374,76033,-6852
Boundary Lake Gas Battery (07-32-084-14W6M),Suncor Energy Inc.,6979,-6979,0,0,0,-6979
"BC Aggregated Facilities (E < 10,000 tCO2e each)",Harvest Operations Corp.,7094,7788,14882,-14882,0,-7094
"BC Aggregated Facilities (E < 10,000 tCO2e each)",Harvest Operations Corp.,7094,7313,14407,-14407,0,-7094
"BC Aggregated Facilities (E < 10,000 tCO2e each)",Harvest Operations Corp.,7094,7212,14306,-14306,0,-7094
"BC Aggregated Facilities (E < 10,000 tCO2e each)",Harvest Operations Corp.,7094,6887,13981,-13981,0,-7094
"BC Aggregated Facilities (E < 10,000 tCO2e each)",Harvest Operations Corp.,7094,63256,70350,-70350,0,-7094
"BC Aggregated Facilities (E < 10,000 tCO2e each)",Harvest Operations Corp.,7094,5605,12699,-12699,0,-7094
"BC Aggregated Facilities (E < 10,000 tCO2e each)",Harvest Operations Corp.,7094,51679,58773,-58773,0,-7094
"BC Aggregated Facilities (E < 10,000 tCO2e each)",Harvest Operations Corp.,7094,45,7139,-7139,0,-7094
"BC Aggregated Facilities (E < 10,000 tCO2e each)",Harvest Operations Corp.,7094,390985,398079,-398079,0,-7094
"BC Aggregated Facilities (E < 10,000 tCO2e each)",Harvest Operations Corp.,7094,33942,41036,-41036,0,-7094
"BC Aggregated Facilities (E < 10,000 tCO2e each)",Harvest Operations Corp.,7094,2811,9905,-9905,0,-7094
"BC Aggregated Facilities (E < 10,000 tCO2e each)",Harvest Operations Corp.,7094,27490,34584,-34584,0,-7094
"BC Aggregated Facilities (E < 10,000 tCO2e each)",Harvest Operations Corp.,7094,27431,34525,-34525,0,-7094
"BC Aggregated Facilities (E < 10,000 tCO2e each)",Harvest Operations Corp.,7094,26544,33638,-33638,0,-7094
"BC Aggregated Facilities (E < 10,000 tCO2e each)",Harvest Operations Corp.,7094,23875,30969,-30969,0,-7094
"BC Aggregated Facilities (E < 10,000 tCO2e each)",Harvest Operations Corp.,7094,21579,28673,-28673,0,-7094
"BC Aggregated Facilities (E < 10,000 tCO2e each)",Harvest Operations Corp.,7094,20885,27979,-27979,0,-7094
"BC Aggregated Facilities (E < 10,000 tCO2e each)",Harvest Operations Corp.,7094,19449,26543,-26543,0,-7094
"BC Aggregated Facilities (E < 10,000 tCO2e each)",Harvest Operations Corp.,7094,19230,26324,-26324,0,-7094
"BC Aggregated Facilities (E < 10,000 tCO2e each)",Harvest Operations Corp.,7094,186368,193462,-193462,0,-7094
"BC Aggregated Facilities (E < 10,000 tCO2e each)",Harvest Operations Corp.,7094,1322,8416,-8416,0,-7094
"BC Aggregated Facilities (E < 10,000 tCO2e each)",Harvest Operations Corp.,7094,132,7226,-7226,0,-7094
"BC Aggregated Facilities (E < 10,000 tCO2e each)",Harvest Operations Corp.,7094,12708,19802,-19802,0,-7094
"BC Aggregated Facilities (E < 10,000 tCO2e each)",Harvest Operations Corp.,7094,115673,122767,-122767,0,-7094
"BC Aggregated Facilities (E < 10,000 tCO2e each)",Harvest Operations Corp.,7094,10770,17864,-17864,0,-7094
"BC Aggregated Facilities (E < 10,000 tCO2e each)",Harvest Operations Corp.,7094,106556,113650,-113650,0,-7094
"BC Aggregated Facilities (E < 10,000 tCO2e each)",Harvest Operations Corp.,7094,10533,17627,-17627,0,-7094
"BC Aggregated Facilities (E < 10,000 tCO2e each)",Harvest Operations Corp.,7094,1047,8141,-8141,0,-7094
"BC Aggregated Facilities (E < 10,000 tCO2e each)",Harvest Operations Corp.,7094,#VALUE!, -   ,#VALUE!,0,-7094
"BC Aggregated Facilities (E < 10,000 tCO2e each)",Harvest Operations Corp.,7094,#VALUE!, -   ,#VALUE!,0,-7094
"BC Aggregated Facilities (E < 10,000 tCO2e each)",Harvest Operations Corp.,7094,#VALUE!, -   ,#VALUE!,0,-7094
"BC Aggregated Facilities (E < 10,000 tCO2e each)",Harvest Operations Corp.,7094,#VALUE!, -   ,#VALUE!,0,-7094
"BC Aggregated Facilities (E < 10,000 tCO2e each)",Harvest Operations Corp.,7094,-776,6318,-6318,0,-7094
"BC Aggregated Facilities (E < 10,000 tCO2e each)",Harvest Operations Corp.,7094,-7073,21,-21,0,-7094
"BC Aggregated Facilities (E < 10,000 tCO2e each)",Harvest Operations Corp.,7094,-7033,61,-61,0,-7094
"BC Aggregated Facilities (E < 10,000 tCO2e each)",Harvest Operations Corp.,7094,-6694,400,-400,0,-7094
"BC Aggregated Facilities (E < 10,000 tCO2e each)",Harvest Operations Corp.,7094,-6091,1003,-1003,0,-7094
"BC Aggregated Facilities (E < 10,000 tCO2e each)",Harvest Operations Corp.,7094,-5606,1488,-1488,0,-7094
"BC Aggregated Facilities (E < 10,000 tCO2e each)",Harvest Operations Corp.,7094,-5575,1519,-1519,0,-7094
"BC Aggregated Facilities (E < 10,000 tCO2e each)",Harvest Operations Corp.,7094,-5010,2084,-2084,0,-7094
"BC Aggregated Facilities (E < 10,000 tCO2e each)",Harvest Operations Corp.,7094,-4609,2485,-2485,0,-7094
"BC Aggregated Facilities (E < 10,000 tCO2e each)",Harvest Operations Corp.,7094,-3694,3400,-3400,0,-7094
"BC Aggregated Facilities (E < 10,000 tCO2e each)",Harvest Operations Corp.,7094,-2289,4805,-4805,0,-7094
Osprey Comp Stn A-003-J,Canadian natural Resources Limited,7216,-7216,0,0,0,-7216
Hythe Comp Stn D-033-I,EnCana Corporation,29729,-1381,28348,-5871,22477,-7252
Vancouver Refinery,Lantic Inc.,32818,-6259,26559,-1004,25555,-7263
North Vancouver Chlor-alkali Facility,Canexus Chemicals Canada Limited Partnership,17485,-4713,12772,-2620,10152,-7333
Velma B-088-D/94-H-8,Canadian natural Resources Limited,7870,-7870,0,0,0,-7870
Ladyfern B-047-H Gas Plant,Canadian natural Resources Limited,7928,-7928,0,0,0,-7928
Noel Production,Apache Canada Ltd.,8237,-8237,0,0,0,-8237
"BC Aggregated Facilities (E < 10,000 tCO2e each)",FortisBC Energy (Vancouver Island) Inc.,8689,9175,17864,-17864,0,-8689
"BC Aggregated Facilities (E < 10,000 tCO2e each)",FortisBC Energy (Vancouver Island) Inc.,8689,8938,17627,-17627,0,-8689
"BC Aggregated Facilities (E < 10,000 tCO2e each)",FortisBC Energy (Vancouver Island) Inc.,8689,6193,14882,-14882,0,-8689
"BC Aggregated Facilities (E < 10,000 tCO2e each)",FortisBC Energy (Vancouver Island) Inc.,8689,61661,70350,-70350,0,-8689
"BC Aggregated Facilities (E < 10,000 tCO2e each)",FortisBC Energy (Vancouver Island) Inc.,8689,5718,14407,-14407,0,-8689
"BC Aggregated Facilities (E < 10,000 tCO2e each)",FortisBC Energy (Vancouver Island) Inc.,8689,5617,14306,-14306,0,-8689
"BC Aggregated Facilities (E < 10,000 tCO2e each)",FortisBC Energy (Vancouver Island) Inc.,8689,5292,13981,-13981,0,-8689
"BC Aggregated Facilities (E < 10,000 tCO2e each)",FortisBC Energy (Vancouver Island) Inc.,8689,50084,58773,-58773,0,-8689
"BC Aggregated Facilities (E < 10,000 tCO2e each)",FortisBC Energy (Vancouver Island) Inc.,8689,4010,12699,-12699,0,-8689
"BC Aggregated Facilities (E < 10,000 tCO2e each)",FortisBC Energy (Vancouver Island) Inc.,8689,389390,398079,-398079,0,-8689
"BC Aggregated Facilities (E < 10,000 tCO2e each)",FortisBC Energy (Vancouver Island) Inc.,8689,32347,41036,-41036,0,-8689
"BC Aggregated Facilities (E < 10,000 tCO2e each)",FortisBC Energy (Vancouver Island) Inc.,8689,25895,34584,-34584,0,-8689
"BC Aggregated Facilities (E < 10,000 tCO2e each)",FortisBC Energy (Vancouver Island) Inc.,8689,25836,34525,-34525,0,-8689
"BC Aggregated Facilities (E < 10,000 tCO2e each)",FortisBC Energy (Vancouver Island) Inc.,8689,24949,33638,-33638,0,-8689
"BC Aggregated Facilities (E < 10,000 tCO2e each)",FortisBC Energy (Vancouver Island) Inc.,8689,22280,30969,-30969,0,-8689
"BC Aggregated Facilities (E < 10,000 tCO2e each)",FortisBC Energy (Vancouver Island) Inc.,8689,19984,28673,-28673,0,-8689
"BC Aggregated Facilities (E < 10,000 tCO2e each)",FortisBC Energy (Vancouver Island) Inc.,8689,19290,27979,-27979,0,-8689
"BC Aggregated Facilities (E < 10,000 tCO2e each)",FortisBC Energy (Vancouver Island) Inc.,8689,184773,193462,-193462,0,-8689
"BC Aggregated Facilities (E < 10,000 tCO2e each)",FortisBC Energy (Vancouver Island) Inc.,8689,17854,26543,-26543,0,-8689
"BC Aggregated Facilities (E < 10,000 tCO2e each)",FortisBC Energy (Vancouver Island) Inc.,8689,17635,26324,-26324,0,-8689
"BC Aggregated Facilities (E < 10,000 tCO2e each)",FortisBC Energy (Vancouver Island) Inc.,8689,1216,9905,-9905,0,-8689
"BC Aggregated Facilities (E < 10,000 tCO2e each)",FortisBC Energy (Vancouver Island) Inc.,8689,114078,122767,-122767,0,-8689
"BC Aggregated Facilities (E < 10,000 tCO2e each)",FortisBC Energy (Vancouver Island) Inc.,8689,11113,19802,-19802,0,-8689
"BC Aggregated Facilities (E < 10,000 tCO2e each)",FortisBC Energy (Vancouver Island) Inc.,8689,104961,113650,-113650,0,-8689
"BC Aggregated Facilities (E < 10,000 tCO2e each)",FortisBC Energy (Vancouver Island) Inc.,8689,#VALUE!, -   ,#VALUE!,0,-8689
"BC Aggregated Facilities (E < 10,000 tCO2e each)",FortisBC Energy (Vancouver Island) Inc.,8689,#VALUE!, -   ,#VALUE!,0,-8689
"BC Aggregated Facilities (E < 10,000 tCO2e each)",FortisBC Energy (Vancouver Island) Inc.,8689,#VALUE!, -   ,#VALUE!,0,-8689
"BC Aggregated Facilities (E < 10,000 tCO2e each)",FortisBC Energy (Vancouver Island) Inc.,8689,#VALUE!, -   ,#VALUE!,0,-8689
"BC Aggregated Facilities (E < 10,000 tCO2e each)",FortisBC Energy (Vancouver Island) Inc.,8689,-8668,21,-21,0,-8689
"BC Aggregated Facilities (E < 10,000 tCO2e each)",FortisBC Energy (Vancouver Island) Inc.,8689,-8628,61,-61,0,-8689
"BC Aggregated Facilities (E < 10,000 tCO2e each)",FortisBC Energy (Vancouver Island) Inc.,8689,-8289,400,-400,0,-8689
"BC Aggregated Facilities (E < 10,000 tCO2e each)",FortisBC Energy (Vancouver Island) Inc.,8689,-7686,1003,-1003,0,-8689
"BC Aggregated Facilities (E < 10,000 tCO2e each)",FortisBC Energy (Vancouver Island) Inc.,8689,-7201,1488,-1488,0,-8689
"BC Aggregated Facilities (E < 10,000 tCO2e each)",FortisBC Energy (Vancouver Island) Inc.,8689,-7170,1519,-1519,0,-8689
"BC Aggregated Facilities (E < 10,000 tCO2e each)",FortisBC Energy (Vancouver Island) Inc.,8689,-6605,2084,-2084,0,-8689
"BC Aggregated Facilities (E < 10,000 tCO2e each)",FortisBC Energy (Vancouver Island) Inc.,8689,-6204,2485,-2485,0,-8689
"BC Aggregated Facilities (E < 10,000 tCO2e each)",FortisBC Energy (Vancouver Island) Inc.,8689,-548,8141,-8141,0,-8689
"BC Aggregated Facilities (E < 10,000 tCO2e each)",FortisBC Energy (Vancouver Island) Inc.,8689,-5289,3400,-3400,0,-8689
"BC Aggregated Facilities (E < 10,000 tCO2e each)",FortisBC Energy (Vancouver Island) Inc.,8689,-3884,4805,-4805,0,-8689
"BC Aggregated Facilities (E < 10,000 tCO2e each)",FortisBC Energy (Vancouver Island) Inc.,8689,-273,8416,-8416,0,-8689
"BC Aggregated Facilities (E < 10,000 tCO2e each)",FortisBC Energy (Vancouver Island) Inc.,8689,-2371,6318,-6318,0,-8689
"BC Aggregated Facilities (E < 10,000 tCO2e each)",FortisBC Energy (Vancouver Island) Inc.,8689,-1550,7139,-7139,0,-8689
"BC Aggregated Facilities (E < 10,000 tCO2e each)",FortisBC Energy (Vancouver Island) Inc.,8689,-1463,7226,-7226,0,-8689
Kimea Comp Stn D-031-D,Canadian natural Resources Limited,8703,-529,8174,-8174,0,-8703
Helmet Comp Stn A-041-F,EnCana Corporation,8708,-8708,0,0,0,-8708
South Grizzly Comp Station C-097-J,ConocoPhillips Canada Resources Corp.,8814,-8814,0,0,0,-8814
Helmet (West Thet) Battery BCBT00002917,Penn West Petroleum,8838,9694,18532,-18532,0,-8838
Boundary Lake Gas Plant (11/14-24-084-15W6M),Suncor Energy Inc.,8867,-8867,0,0,0,-8867
"BC Aggregated Facilities (E < 10,000 tCO2e each)",Trident Exploration Corp.,8898,8966,17864,-17864,0,-8898
"BC Aggregated Facilities (E < 10,000 tCO2e each)",Trident Exploration Corp.,8898,8729,17627,-17627,0,-8898
"BC Aggregated Facilities (E < 10,000 tCO2e each)",Trident Exploration Corp.,8898,61452,70350,-70350,0,-8898
"BC Aggregated Facilities (E < 10,000 tCO2e each)",Trident Exploration Corp.,8898,5984,14882,-14882,0,-8898
"BC Aggregated Facilities (E < 10,000 tCO2e each)",Trident Exploration Corp.,8898,5509,14407,-14407,0,-8898
"BC Aggregated Facilities (E < 10,000 tCO2e each)",Trident Exploration Corp.,8898,5408,14306,-14306,0,-8898
"BC Aggregated Facilities (E < 10,000 tCO2e each)",Trident Exploration Corp.,8898,5083,13981,-13981,0,-8898
"BC Aggregated Facilities (E < 10,000 tCO2e each)",Trident Exploration Corp.,8898,49875,58773,-58773,0,-8898
"BC Aggregated Facilities (E < 10,000 tCO2e each)",Trident Exploration Corp.,8898,389181,398079,-398079,0,-8898
"BC Aggregated Facilities (E < 10,000 tCO2e each)",Trident Exploration Corp.,8898,3801,12699,-12699,0,-8898
"BC Aggregated Facilities (E < 10,000 tCO2e each)",Trident Exploration Corp.,8898,32138,41036,-41036,0,-8898
"BC Aggregated Facilities (E < 10,000 tCO2e each)",Trident Exploration Corp.,8898,25686,34584,-34584,0,-8898
"BC Aggregated Facilities (E < 10,000 tCO2e each)",Trident Exploration Corp.,8898,25627,34525,-34525,0,-8898
"BC Aggregated Facilities (E < 10,000 tCO2e each)",Trident Exploration Corp.,8898,24740,33638,-33638,0,-8898
"BC Aggregated Facilities (E < 10,000 tCO2e each)",Trident Exploration Corp.,8898,22071,30969,-30969,0,-8898
"BC Aggregated Facilities (E < 10,000 tCO2e each)",Trident Exploration Corp.,8898,19775,28673,-28673,0,-8898
"BC Aggregated Facilities (E < 10,000 tCO2e each)",Trident Exploration Corp.,8898,19081,27979,-27979,0,-8898
"BC Aggregated Facilities (E < 10,000 tCO2e each)",Trident Exploration Corp.,8898,184564,193462,-193462,0,-8898
"BC Aggregated Facilities (E < 10,000 tCO2e each)",Trident Exploration Corp.,8898,17645,26543,-26543,0,-8898
"BC Aggregated Facilities (E < 10,000 tCO2e each)",Trident Exploration Corp.,8898,17426,26324,-26324,0,-8898
"BC Aggregated Facilities (E < 10,000 tCO2e each)",Trident Exploration Corp.,8898,113869,122767,-122767,0,-8898
"BC Aggregated Facilities (E < 10,000 tCO2e each)",Trident Exploration Corp.,8898,10904,19802,-19802,0,-8898
"BC Aggregated Facilities (E < 10,000 tCO2e each)",Trident Exploration Corp.,8898,104752,113650,-113650,0,-8898
"BC Aggregated Facilities (E < 10,000 tCO2e each)",Trident Exploration Corp.,8898,1007,9905,-9905,0,-8898
"BC Aggregated Facilities (E < 10,000 tCO2e each)",Trident Exploration Corp.,8898,#VALUE!, -   ,#VALUE!,0,-8898
"BC Aggregated Facilities (E < 10,000 tCO2e each)",Trident Exploration Corp.,8898,#VALUE!, -   ,#VALUE!,0,-8898
"BC Aggregated Facilities (E < 10,000 tCO2e each)",Trident Exploration Corp.,8898,#VALUE!, -   ,#VALUE!,0,-8898
"BC Aggregated Facilities (E < 10,000 tCO2e each)",Trident Exploration Corp.,8898,#VALUE!, -   ,#VALUE!,0,-8898
"BC Aggregated Facilities (E < 10,000 tCO2e each)",Trident Exploration Corp.,8898,-8877,21,-21,0,-8898
"BC Aggregated Facilities (E < 10,000 tCO2e each)",Trident Exploration Corp.,8898,-8837,61,-61,0,-8898
"BC Aggregated Facilities (E < 10,000 tCO2e each)",Trident Exploration Corp.,8898,-8498,400,-400,0,-8898
"BC Aggregated Facilities (E < 10,000 tCO2e each)",Trident Exploration Corp.,8898,-7895,1003,-1003,0,-8898
"BC Aggregated Facilities (E < 10,000 tCO2e each)",Trident Exploration Corp.,8898,-757,8141,-8141,0,-8898
"BC Aggregated Facilities (E < 10,000 tCO2e each)",Trident Exploration Corp.,8898,-7410,1488,-1488,0,-8898
"BC Aggregated Facilities (E < 10,000 tCO2e each)",Trident Exploration Corp.,8898,-7379,1519,-1519,0,-8898
"BC Aggregated Facilities (E < 10,000 tCO2e each)",Trident Exploration Corp.,8898,-6814,2084,-2084,0,-8898
"BC Aggregated Facilities (E < 10,000 tCO2e each)",Trident Exploration Corp.,8898,-6413,2485,-2485,0,-8898
"BC Aggregated Facilities (E < 10,000 tCO2e each)",Trident Exploration Corp.,8898,-5498,3400,-3400,0,-8898
"BC Aggregated Facilities (E < 10,000 tCO2e each)",Trident Exploration Corp.,8898,-482,8416,-8416,0,-8898
"BC Aggregated Facilities (E < 10,000 tCO2e each)",Trident Exploration Corp.,8898,-4093,4805,-4805,0,-8898
"BC Aggregated Facilities (E < 10,000 tCO2e each)",Trident Exploration Corp.,8898,-2580,6318,-6318,0,-8898
"BC Aggregated Facilities (E < 10,000 tCO2e each)",Trident Exploration Corp.,8898,-1759,7139,-7139,0,-8898
"BC Aggregated Facilities (E < 10,000 tCO2e each)",Trident Exploration Corp.,8898,-1672,7226,-7226,0,-8898
Noel Drillings & Completions,Apache Canada Ltd.,9128,-9128,0,0,0,-9128
Fireweed C-A-16-A/94-A-13,naL Resources Ltd.,9169,-9169,0,0,0,-9169
West Tommy Lakes Booster Station 2 C-030-J,Enerplus Corporation,9177,-497,8680,-8680,0,-9177
East Tommy Lakes Comp Station D-037-I,Enerplus Corporation,9234,-9234,0,0,0,-9234
Martin Birley A-048,Devon Canada Corporation,9418,-9418,0,0,0,-9418
Helmet North Comp Stn A-013-F,Canadian natural Resources Limited,9501,17614,27115,-27115,0,-9501
Clarke A-99-F/94-J-10,Progress Energy Resources Corp.,9504,-9504,0,0,0,-9504
Sikanni Gas Plant,Spectra Energy Transmission,9524,-4960,4564,-4564,0,-9524
"BC Aggregated Facilities (E < 10,000 tCO2e each)",PetroBakken Energy Ltd.,9777,8087,17864,-17864,0,-9777
"BC Aggregated Facilities (E < 10,000 tCO2e each)",PetroBakken Energy Ltd.,9777,7850,17627,-17627,0,-9777
"BC Aggregated Facilities (E < 10,000 tCO2e each)",PetroBakken Energy Ltd.,9777,60573,70350,-70350,0,-9777
"BC Aggregated Facilities (E < 10,000 tCO2e each)",PetroBakken Energy Ltd.,9777,5105,14882,-14882,0,-9777
"BC Aggregated Facilities (E < 10,000 tCO2e each)",PetroBakken Energy Ltd.,9777,48996,58773,-58773,0,-9777
"BC Aggregated Facilities (E < 10,000 tCO2e each)",PetroBakken Energy Ltd.,9777,4630,14407,-14407,0,-9777
"BC Aggregated Facilities (E < 10,000 tCO2e each)",PetroBakken Energy Ltd.,9777,4529,14306,-14306,0,-9777
"BC Aggregated Facilities (E < 10,000 tCO2e each)",PetroBakken Energy Ltd.,9777,4204,13981,-13981,0,-9777
"BC Aggregated Facilities (E < 10,000 tCO2e each)",PetroBakken Energy Ltd.,9777,388302,398079,-398079,0,-9777
"BC Aggregated Facilities (E < 10,000 tCO2e each)",PetroBakken Energy Ltd.,9777,31259,41036,-41036,0,-9777
"BC Aggregated Facilities (E < 10,000 tCO2e each)",PetroBakken Energy Ltd.,9777,2922,12699,-12699,0,-9777
"BC Aggregated Facilities (E < 10,000 tCO2e each)",PetroBakken Energy Ltd.,9777,24807,34584,-34584,0,-9777
"BC Aggregated Facilities (E < 10,000 tCO2e each)",PetroBakken Energy Ltd.,9777,24748,34525,-34525,0,-9777
"BC Aggregated Facilities (E < 10,000 tCO2e each)",PetroBakken Energy Ltd.,9777,23861,33638,-33638,0,-9777
"BC Aggregated Facilities (E < 10,000 tCO2e each)",PetroBakken Energy Ltd.,9777,21192,30969,-30969,0,-9777
"BC Aggregated Facilities (E < 10,000 tCO2e each)",PetroBakken Energy Ltd.,9777,18896,28673,-28673,0,-9777
"BC Aggregated Facilities (E < 10,000 tCO2e each)",PetroBakken Energy Ltd.,9777,183685,193462,-193462,0,-9777
"BC Aggregated Facilities (E < 10,000 tCO2e each)",PetroBakken Energy Ltd.,9777,18202,27979,-27979,0,-9777
"BC Aggregated Facilities (E < 10,000 tCO2e each)",PetroBakken Energy Ltd.,9777,16766,26543,-26543,0,-9777
"BC Aggregated Facilities (E < 10,000 tCO2e each)",PetroBakken Energy Ltd.,9777,16547,26324,-26324,0,-9777
"BC Aggregated Facilities (E < 10,000 tCO2e each)",PetroBakken Energy Ltd.,9777,128,9905,-9905,0,-9777
"BC Aggregated Facilities (E < 10,000 tCO2e each)",PetroBakken Energy Ltd.,9777,112990,122767,-122767,0,-9777
"BC Aggregated Facilities (E < 10,000 tCO2e each)",PetroBakken Energy Ltd.,9777,103873,113650,-113650,0,-9777
"BC Aggregated Facilities (E < 10,000 tCO2e each)",PetroBakken Energy Ltd.,9777,10025,19802,-19802,0,-9777
"BC Aggregated Facilities (E < 10,000 tCO2e each)",PetroBakken Energy Ltd.,9777,#VALUE!, -   ,#VALUE!,0,-9777
"BC Aggregated Facilities (E < 10,000 tCO2e each)",PetroBakken Energy Ltd.,9777,#VALUE!, -   ,#VALUE!,0,-9777
"BC Aggregated Facilities (E < 10,000 tCO2e each)",PetroBakken Energy Ltd.,9777,#VALUE!, -   ,#VALUE!,0,-9777
"BC Aggregated Facilities (E < 10,000 tCO2e each)",PetroBakken Energy Ltd.,9777,#VALUE!, -   ,#VALUE!,0,-9777
"BC Aggregated Facilities (E < 10,000 tCO2e each)",PetroBakken Energy Ltd.,9777,-9756,21,-21,0,-9777
"BC Aggregated Facilities (E < 10,000 tCO2e each)",PetroBakken Energy Ltd.,9777,-9716,61,-61,0,-9777
"BC Aggregated Facilities (E < 10,000 tCO2e each)",PetroBakken Energy Ltd.,9777,-9377,400,-400,0,-9777
"BC Aggregated Facilities (E < 10,000 tCO2e each)",PetroBakken Energy Ltd.,9777,-8774,1003,-1003,0,-9777
"BC Aggregated Facilities (E < 10,000 tCO2e each)",PetroBakken Energy Ltd.,9777,-8289,1488,-1488,0,-9777
"BC Aggregated Facilities (E < 10,000 tCO2e each)",PetroBakken Energy Ltd.,9777,-8258,1519,-1519,0,-9777
"BC Aggregated Facilities (E < 10,000 tCO2e each)",PetroBakken Energy Ltd.,9777,-7693,2084,-2084,0,-9777
"BC Aggregated Facilities (E < 10,000 tCO2e each)",PetroBakken Energy Ltd.,9777,-7292,2485,-2485,0,-9777
"BC Aggregated Facilities (E < 10,000 tCO2e each)",PetroBakken Energy Ltd.,9777,-6377,3400,-3400,0,-9777
"BC Aggregated Facilities (E < 10,000 tCO2e each)",PetroBakken Energy Ltd.,9777,-4972,4805,-4805,0,-9777
"BC Aggregated Facilities (E < 10,000 tCO2e each)",PetroBakken Energy Ltd.,9777,-3459,6318,-6318,0,-9777
"BC Aggregated Facilities (E < 10,000 tCO2e each)",PetroBakken Energy Ltd.,9777,-2638,7139,-7139,0,-9777
"BC Aggregated Facilities (E < 10,000 tCO2e each)",PetroBakken Energy Ltd.,9777,-2551,7226,-7226,0,-9777
"BC Aggregated Facilities (E < 10,000 tCO2e each)",PetroBakken Energy Ltd.,9777,-1636,8141,-8141,0,-9777
"BC Aggregated Facilities (E < 10,000 tCO2e each)",PetroBakken Energy Ltd.,9777,-1361,8416,-8416,0,-9777
V4 Texada Compressor Station,FortisBC Energy (Vancouver Island) Inc.,9802,-9802,0,0,0,-9802
Prince George Sawmill,Canadian Forest Products Ltd.,9966,-5658,4308,-4308,0,-9966
ANG Crowsnest Facility,TransCanada PipeLines Ltd.,122564,-13606,108958,3469,112427,-10137
"BC Aggregated Facilities (E < 10,000 tCO2e each)",Chinook Energy Inc.,10224,9578,19802,-19802,0,-10224
"BC Aggregated Facilities (E < 10,000 tCO2e each)",Chinook Energy Inc.,10224,7640,17864,-17864,0,-10224
"BC Aggregated Facilities (E < 10,000 tCO2e each)",Chinook Energy Inc.,10224,7403,17627,-17627,0,-10224
"BC Aggregated Facilities (E < 10,000 tCO2e each)",Chinook Energy Inc.,10224,60126,70350,-70350,0,-10224
"BC Aggregated Facilities (E < 10,000 tCO2e each)",Chinook Energy Inc.,10224,48549,58773,-58773,0,-10224
"BC Aggregated Facilities (E < 10,000 tCO2e each)",Chinook Energy Inc.,10224,4658,14882,-14882,0,-10224
"BC Aggregated Facilities (E < 10,000 tCO2e each)",Chinook Energy Inc.,10224,4183,14407,-14407,0,-10224
"BC Aggregated Facilities (E < 10,000 tCO2e each)",Chinook Energy Inc.,10224,4082,14306,-14306,0,-10224
"BC Aggregated Facilities (E < 10,000 tCO2e each)",Chinook Energy Inc.,10224,387855,398079,-398079,0,-10224
"BC Aggregated Facilities (E < 10,000 tCO2e each)",Chinook Energy Inc.,10224,3757,13981,-13981,0,-10224
"BC Aggregated Facilities (E < 10,000 tCO2e each)",Chinook Energy Inc.,10224,30812,41036,-41036,0,-10224
"BC Aggregated Facilities (E < 10,000 tCO2e each)",Chinook Energy Inc.,10224,2475,12699,-12699,0,-10224
"BC Aggregated Facilities (E < 10,000 tCO2e each)",Chinook Energy Inc.,10224,24360,34584,-34584,0,-10224
"BC Aggregated Facilities (E < 10,000 tCO2e each)",Chinook Energy Inc.,10224,24301,34525,-34525,0,-10224
"BC Aggregated Facilities (E < 10,000 tCO2e each)",Chinook Energy Inc.,10224,23414,33638,-33638,0,-10224
"BC Aggregated Facilities (E < 10,000 tCO2e each)",Chinook Energy Inc.,10224,20745,30969,-30969,0,-10224
"BC Aggregated Facilities (E < 10,000 tCO2e each)",Chinook Energy Inc.,10224,18449,28673,-28673,0,-10224
"BC Aggregated Facilities (E < 10,000 tCO2e each)",Chinook Energy Inc.,10224,183238,193462,-193462,0,-10224
"BC Aggregated Facilities (E < 10,000 tCO2e each)",Chinook Energy Inc.,10224,17755,27979,-27979,0,-10224
"BC Aggregated Facilities (E < 10,000 tCO2e each)",Chinook Energy Inc.,10224,16319,26543,-26543,0,-10224
"BC Aggregated Facilities (E < 10,000 tCO2e each)",Chinook Energy Inc.,10224,16100,26324,-26324,0,-10224
"BC Aggregated Facilities (E < 10,000 tCO2e each)",Chinook Energy Inc.,10224,112543,122767,-122767,0,-10224
"BC Aggregated Facilities (E < 10,000 tCO2e each)",Chinook Energy Inc.,10224,103426,113650,-113650,0,-10224
"BC Aggregated Facilities (E < 10,000 tCO2e each)",Chinook Energy Inc.,10224,#VALUE!, -   ,#VALUE!,0,-10224
"BC Aggregated Facilities (E < 10,000 tCO2e each)",Chinook Energy Inc.,10224,#VALUE!, -   ,#VALUE!,0,-10224
"BC Aggregated Facilities (E < 10,000 tCO2e each)",Chinook Energy Inc.,10224,#VALUE!, -   ,#VALUE!,0,-10224
"BC Aggregated Facilities (E < 10,000 tCO2e each)",Chinook Energy Inc.,10224,#VALUE!, -   ,#VALUE!,0,-10224
"BC Aggregated Facilities (E < 10,000 tCO2e each)",Chinook Energy Inc.,10224,-9824,400,-400,0,-10224
"BC Aggregated Facilities (E < 10,000 tCO2e each)",Chinook Energy Inc.,10224,-9221,1003,-1003,0,-10224
"BC Aggregated Facilities (E < 10,000 tCO2e each)",Chinook Energy Inc.,10224,-8736,1488,-1488,0,-10224
"BC Aggregated Facilities (E < 10,000 tCO2e each)",Chinook Energy Inc.,10224,-8705,1519,-1519,0,-10224
"BC Aggregated Facilities (E < 10,000 tCO2e each)",Chinook Energy Inc.,10224,-8140,2084,-2084,0,-10224
"BC Aggregated Facilities (E < 10,000 tCO2e each)",Chinook Energy Inc.,10224,-7739,2485,-2485,0,-10224
"BC Aggregated Facilities (E < 10,000 tCO2e each)",Chinook Energy Inc.,10224,-6824,3400,-3400,0,-10224
"BC Aggregated Facilities (E < 10,000 tCO2e each)",Chinook Energy Inc.,10224,-5419,4805,-4805,0,-10224
"BC Aggregated Facilities (E < 10,000 tCO2e each)",Chinook Energy Inc.,10224,-3906,6318,-6318,0,-10224
"BC Aggregated Facilities (E < 10,000 tCO2e each)",Chinook Energy Inc.,10224,-319,9905,-9905,0,-10224
"BC Aggregated Facilities (E < 10,000 tCO2e each)",Chinook Energy Inc.,10224,-3085,7139,-7139,0,-10224
"BC Aggregated Facilities (E < 10,000 tCO2e each)",Chinook Energy Inc.,10224,-2998,7226,-7226,0,-10224
"BC Aggregated Facilities (E < 10,000 tCO2e each)",Chinook Energy Inc.,10224,-2083,8141,-8141,0,-10224
"BC Aggregated Facilities (E < 10,000 tCO2e each)",Chinook Energy Inc.,10224,-1808,8416,-8416,0,-10224
"BC Aggregated Facilities (E < 10,000 tCO2e each)",Chinook Energy Inc.,10224,-10203,21,-21,0,-10224
"BC Aggregated Facilities (E < 10,000 tCO2e each)",Chinook Energy Inc.,10224,-10163,61,-61,0,-10224
Firebird Compressor Station BCBT00002487,Penn West Petroleum,10356,-160,10196,-10196,0,-10356
Port Alberni Division,Catalyst Paper Corporation,38111,-3698,34413,-6681,27732,-10379
Kruger Products Facility,Kruger Products L.P.,37349,-1166,36183,-9519,26664,-10685
Harmac Pacific Operations,nanaimo Forest Products Ltd.,38851,-15456,23395,4578,27973,-10878
Midwinter Plant,Spectra Energy Midstream Corporation,10894,-10894,0,0,0,-10894
Tower 9-28-081-17-W6M,Terra Energy Corporation,11063,-11063,0,0,0,-11063
Julienne B-66-A/94-G-2,Progress Energy Resources Corp.,11410,-11410,0,0,0,-11410
Kobes Battery (B-24-A/94-B-9),Suncor Energy Inc.,11598,-450,11148,-11148,0,-11598
Cabin Comp Stn A-052-J,EnCana Corporation,20091,-5454,14637,-6192,8445,-11646
"BC Aggregated Facilities (E < 10,000 tCO2e each)",Tourmaline Oil Corp.,11777,922,12699,-12699,0,-11777
"BC Aggregated Facilities (E < 10,000 tCO2e each)",Tourmaline Oil Corp.,11777,8025,19802,-19802,0,-11777
"BC Aggregated Facilities (E < 10,000 tCO2e each)",Tourmaline Oil Corp.,11777,6087,17864,-17864,0,-11777
"BC Aggregated Facilities (E < 10,000 tCO2e each)",Tourmaline Oil Corp.,11777,58573,70350,-70350,0,-11777
"BC Aggregated Facilities (E < 10,000 tCO2e each)",Tourmaline Oil Corp.,11777,5850,17627,-17627,0,-11777
"BC Aggregated Facilities (E < 10,000 tCO2e each)",Tourmaline Oil Corp.,11777,46996,58773,-58773,0,-11777
"BC Aggregated Facilities (E < 10,000 tCO2e each)",Tourmaline Oil Corp.,11777,386302,398079,-398079,0,-11777
"BC Aggregated Facilities (E < 10,000 tCO2e each)",Tourmaline Oil Corp.,11777,3105,14882,-14882,0,-11777
"BC Aggregated Facilities (E < 10,000 tCO2e each)",Tourmaline Oil Corp.,11777,29259,41036,-41036,0,-11777
"BC Aggregated Facilities (E < 10,000 tCO2e each)",Tourmaline Oil Corp.,11777,2630,14407,-14407,0,-11777
"BC Aggregated Facilities (E < 10,000 tCO2e each)",Tourmaline Oil Corp.,11777,2529,14306,-14306,0,-11777
"BC Aggregated Facilities (E < 10,000 tCO2e each)",Tourmaline Oil Corp.,11777,22807,34584,-34584,0,-11777
"BC Aggregated Facilities (E < 10,000 tCO2e each)",Tourmaline Oil Corp.,11777,22748,34525,-34525,0,-11777
"BC Aggregated Facilities (E < 10,000 tCO2e each)",Tourmaline Oil Corp.,11777,2204,13981,-13981,0,-11777
"BC Aggregated Facilities (E < 10,000 tCO2e each)",Tourmaline Oil Corp.,11777,21861,33638,-33638,0,-11777
"BC Aggregated Facilities (E < 10,000 tCO2e each)",Tourmaline Oil Corp.,11777,19192,30969,-30969,0,-11777
"BC Aggregated Facilities (E < 10,000 tCO2e each)",Tourmaline Oil Corp.,11777,181685,193462,-193462,0,-11777
"BC Aggregated Facilities (E < 10,000 tCO2e each)",Tourmaline Oil Corp.,11777,16896,28673,-28673,0,-11777
"BC Aggregated Facilities (E < 10,000 tCO2e each)",Tourmaline Oil Corp.,11777,16202,27979,-27979,0,-11777
"BC Aggregated Facilities (E < 10,000 tCO2e each)",Tourmaline Oil Corp.,11777,14766,26543,-26543,0,-11777
"BC Aggregated Facilities (E < 10,000 tCO2e each)",Tourmaline Oil Corp.,11777,14547,26324,-26324,0,-11777
"BC Aggregated Facilities (E < 10,000 tCO2e each)",Tourmaline Oil Corp.,11777,110990,122767,-122767,0,-11777
"BC Aggregated Facilities (E < 10,000 tCO2e each)",Tourmaline Oil Corp.,11777,101873,113650,-113650,0,-11777
"BC Aggregated Facilities (E < 10,000 tCO2e each)",Tourmaline Oil Corp.,11777,#VALUE!, -   ,#VALUE!,0,-11777
"BC Aggregated Facilities (E < 10,000 tCO2e each)",Tourmaline Oil Corp.,11777,#VALUE!, -   ,#VALUE!,0,-11777
"BC Aggregated Facilities (E < 10,000 tCO2e each)",Tourmaline Oil Corp.,11777,#VALUE!, -   ,#VALUE!,0,-11777
"BC Aggregated Facilities (E < 10,000 tCO2e each)",Tourmaline Oil Corp.,11777,#VALUE!, -   ,#VALUE!,0,-11777
"BC Aggregated Facilities (E < 10,000 tCO2e each)",Tourmaline Oil Corp.,11777,-9693,2084,-2084,0,-11777
"BC Aggregated Facilities (E < 10,000 tCO2e each)",Tourmaline Oil Corp.,11777,-9292,2485,-2485,0,-11777
"BC Aggregated Facilities (E < 10,000 tCO2e each)",Tourmaline Oil Corp.,11777,-8377,3400,-3400,0,-11777
"BC Aggregated Facilities (E < 10,000 tCO2e each)",Tourmaline Oil Corp.,11777,-6972,4805,-4805,0,-11777
"BC Aggregated Facilities (E < 10,000 tCO2e each)",Tourmaline Oil Corp.,11777,-5459,6318,-6318,0,-11777
"BC Aggregated Facilities (E < 10,000 tCO2e each)",Tourmaline Oil Corp.,11777,-4638,7139,-7139,0,-11777
"BC Aggregated Facilities (E < 10,000 tCO2e each)",Tourmaline Oil Corp.,11777,-4551,7226,-7226,0,-11777
"BC Aggregated Facilities (E < 10,000 tCO2e each)",Tourmaline Oil Corp.,11777,-3636,8141,-8141,0,-11777
"BC Aggregated Facilities (E < 10,000 tCO2e each)",Tourmaline Oil Corp.,11777,-3361,8416,-8416,0,-11777
"BC Aggregated Facilities (E < 10,000 tCO2e each)",Tourmaline Oil Corp.,11777,-1872,9905,-9905,0,-11777
"BC Aggregated Facilities (E < 10,000 tCO2e each)",Tourmaline Oil Corp.,11777,-11756,21,-21,0,-11777
"BC Aggregated Facilities (E < 10,000 tCO2e each)",Tourmaline Oil Corp.,11777,-11716,61,-61,0,-11777
"BC Aggregated Facilities (E < 10,000 tCO2e each)",Tourmaline Oil Corp.,11777,-11377,400,-400,0,-11777
"BC Aggregated Facilities (E < 10,000 tCO2e each)",Tourmaline Oil Corp.,11777,-10774,1003,-1003,0,-11777
"BC Aggregated Facilities (E < 10,000 tCO2e each)",Tourmaline Oil Corp.,11777,-10289,1488,-1488,0,-11777
"BC Aggregated Facilities (E < 10,000 tCO2e each)",Tourmaline Oil Corp.,11777,-10258,1519,-1519,0,-11777
Eurocan Pulp & Paper,West Fraser Mills Ltd.,12018,-12018,0,0,0,-12018
Station 1 - Taylor,Spectra Energy Transmission,54389,-4770,49619,-7460,42159,-12230
Vancouver LandFill Delta,Maxim Power Corp.,26859,-3772,23087,-8542,14545,-12314
Missile Facility,Apache Canada Ltd.,12947,307,13254,-13254,0,-12947
Chinchaga C-32-H/94-H-8,TAQA North Ltd.,27930,-7453,20477,-5756,14721,-13209
Boulder Comp Station D-072-G,ConocoPhillips Canada Resources Corp.,13837,4380,18217,-18217,0,-13837
"BC Aggregated Facilities (E < 10,000 tCO2e each)",FortisBC Energy Inc.,13960,99690,113650,-113650,0,-13960
"BC Aggregated Facilities (E < 10,000 tCO2e each)",FortisBC Energy Inc.,13960,922,14882,-14882,0,-13960
"BC Aggregated Facilities (E < 10,000 tCO2e each)",FortisBC Energy Inc.,13960,5842,19802,-19802,0,-13960
"BC Aggregated Facilities (E < 10,000 tCO2e each)",FortisBC Energy Inc.,13960,56390,70350,-70350,0,-13960
"BC Aggregated Facilities (E < 10,000 tCO2e each)",FortisBC Energy Inc.,13960,44813,58773,-58773,0,-13960
"BC Aggregated Facilities (E < 10,000 tCO2e each)",FortisBC Energy Inc.,13960,447,14407,-14407,0,-13960
"BC Aggregated Facilities (E < 10,000 tCO2e each)",FortisBC Energy Inc.,13960,3904,17864,-17864,0,-13960
"BC Aggregated Facilities (E < 10,000 tCO2e each)",FortisBC Energy Inc.,13960,384119,398079,-398079,0,-13960
"BC Aggregated Facilities (E < 10,000 tCO2e each)",FortisBC Energy Inc.,13960,3667,17627,-17627,0,-13960
"BC Aggregated Facilities (E < 10,000 tCO2e each)",FortisBC Energy Inc.,13960,346,14306,-14306,0,-13960
"BC Aggregated Facilities (E < 10,000 tCO2e each)",FortisBC Energy Inc.,13960,27076,41036,-41036,0,-13960
"BC Aggregated Facilities (E < 10,000 tCO2e each)",FortisBC Energy Inc.,13960,21,13981,-13981,0,-13960
"BC Aggregated Facilities (E < 10,000 tCO2e each)",FortisBC Energy Inc.,13960,20624,34584,-34584,0,-13960
"BC Aggregated Facilities (E < 10,000 tCO2e each)",FortisBC Energy Inc.,13960,20565,34525,-34525,0,-13960
"BC Aggregated Facilities (E < 10,000 tCO2e each)",FortisBC Energy Inc.,13960,19678,33638,-33638,0,-13960
"BC Aggregated Facilities (E < 10,000 tCO2e each)",FortisBC Energy Inc.,13960,179502,193462,-193462,0,-13960
"BC Aggregated Facilities (E < 10,000 tCO2e each)",FortisBC Energy Inc.,13960,17009,30969,-30969,0,-13960
"BC Aggregated Facilities (E < 10,000 tCO2e each)",FortisBC Energy Inc.,13960,14713,28673,-28673,0,-13960
"BC Aggregated Facilities (E < 10,000 tCO2e each)",FortisBC Energy Inc.,13960,14019,27979,-27979,0,-13960
"BC Aggregated Facilities (E < 10,000 tCO2e each)",FortisBC Energy Inc.,13960,12583,26543,-26543,0,-13960
"BC Aggregated Facilities (E < 10,000 tCO2e each)",FortisBC Energy Inc.,13960,12364,26324,-26324,0,-13960
"BC Aggregated Facilities (E < 10,000 tCO2e each)",FortisBC Energy Inc.,13960,108807,122767,-122767,0,-13960
"BC Aggregated Facilities (E < 10,000 tCO2e each)",FortisBC Energy Inc.,13960,#VALUE!, -   ,#VALUE!,0,-13960
"BC Aggregated Facilities (E < 10,000 tCO2e each)",FortisBC Energy Inc.,13960,#VALUE!, -   ,#VALUE!,0,-13960
"BC Aggregated Facilities (E < 10,000 tCO2e each)",FortisBC Energy Inc.,13960,#VALUE!, -   ,#VALUE!,0,-13960
"BC Aggregated Facilities (E < 10,000 tCO2e each)",FortisBC Energy Inc.,13960,#VALUE!, -   ,#VALUE!,0,-13960
"BC Aggregated Facilities (E < 10,000 tCO2e each)",FortisBC Energy Inc.,13960,-9155,4805,-4805,0,-13960
"BC Aggregated Facilities (E < 10,000 tCO2e each)",FortisBC Energy Inc.,13960,-7642,6318,-6318,0,-13960
"BC Aggregated Facilities (E < 10,000 tCO2e each)",FortisBC Energy Inc.,13960,-6821,7139,-7139,0,-13960
"BC Aggregated Facilities (E < 10,000 tCO2e each)",FortisBC Energy Inc.,13960,-6734,7226,-7226,0,-13960
"BC Aggregated Facilities (E < 10,000 tCO2e each)",FortisBC Energy Inc.,13960,-5819,8141,-8141,0,-13960
"BC Aggregated Facilities (E < 10,000 tCO2e each)",FortisBC Energy Inc.,13960,-5544,8416,-8416,0,-13960
"BC Aggregated Facilities (E < 10,000 tCO2e each)",FortisBC Energy Inc.,13960,-4055,9905,-9905,0,-13960
"BC Aggregated Facilities (E < 10,000 tCO2e each)",FortisBC Energy Inc.,13960,-13939,21,-21,0,-13960
"BC Aggregated Facilities (E < 10,000 tCO2e each)",FortisBC Energy Inc.,13960,-13899,61,-61,0,-13960
"BC Aggregated Facilities (E < 10,000 tCO2e each)",FortisBC Energy Inc.,13960,-13560,400,-400,0,-13960
"BC Aggregated Facilities (E < 10,000 tCO2e each)",FortisBC Energy Inc.,13960,-12957,1003,-1003,0,-13960
"BC Aggregated Facilities (E < 10,000 tCO2e each)",FortisBC Energy Inc.,13960,-1261,12699,-12699,0,-13960
"BC Aggregated Facilities (E < 10,000 tCO2e each)",FortisBC Energy Inc.,13960,-12472,1488,-1488,0,-13960
"BC Aggregated Facilities (E < 10,000 tCO2e each)",FortisBC Energy Inc.,13960,-12441,1519,-1519,0,-13960
"BC Aggregated Facilities (E < 10,000 tCO2e each)",FortisBC Energy Inc.,13960,-11876,2084,-2084,0,-13960
"BC Aggregated Facilities (E < 10,000 tCO2e each)",FortisBC Energy Inc.,13960,-11475,2485,-2485,0,-13960
"BC Aggregated Facilities (E < 10,000 tCO2e each)",FortisBC Energy Inc.,13960,-10560,3400,-3400,0,-13960
Kelly Comp Stn c-027-B,EnCana Corporation,14880,-14880,0,0,0,-14880
Clarke Lake Battery (D-83-I/94-J-10),Suncor Energy Inc.,15104,-2163,12941,-12941,0,-15104
Elmworth Comp Station D-039-G,ConocoPhillips Canada Resources Corp.,15942,2143,18085,-18085,0,-15942
"BC Aggregated Facilities (E < 10,000 tCO2e each)",Imperial Oil Resources,15998,97652,113650,-113650,0,-15998
"BC Aggregated Facilities (E < 10,000 tCO2e each)",Imperial Oil Resources,15998,54352,70350,-70350,0,-15998
"BC Aggregated Facilities (E < 10,000 tCO2e each)",Imperial Oil Resources,15998,42775,58773,-58773,0,-15998
"BC Aggregated Facilities (E < 10,000 tCO2e each)",Imperial Oil Resources,15998,382081,398079,-398079,0,-15998
"BC Aggregated Facilities (E < 10,000 tCO2e each)",Imperial Oil Resources,15998,3804,19802,-19802,0,-15998
"BC Aggregated Facilities (E < 10,000 tCO2e each)",Imperial Oil Resources,15998,25038,41036,-41036,0,-15998
"BC Aggregated Facilities (E < 10,000 tCO2e each)",Imperial Oil Resources,15998,1866,17864,-17864,0,-15998
"BC Aggregated Facilities (E < 10,000 tCO2e each)",Imperial Oil Resources,15998,18586,34584,-34584,0,-15998
"BC Aggregated Facilities (E < 10,000 tCO2e each)",Imperial Oil Resources,15998,18527,34525,-34525,0,-15998
"BC Aggregated Facilities (E < 10,000 tCO2e each)",Imperial Oil Resources,15998,177464,193462,-193462,0,-15998
"BC Aggregated Facilities (E < 10,000 tCO2e each)",Imperial Oil Resources,15998,17640,33638,-33638,0,-15998
"BC Aggregated Facilities (E < 10,000 tCO2e each)",Imperial Oil Resources,15998,1629,17627,-17627,0,-15998
"BC Aggregated Facilities (E < 10,000 tCO2e each)",Imperial Oil Resources,15998,14971,30969,-30969,0,-15998
"BC Aggregated Facilities (E < 10,000 tCO2e each)",Imperial Oil Resources,15998,12675,28673,-28673,0,-15998
"BC Aggregated Facilities (E < 10,000 tCO2e each)",Imperial Oil Resources,15998,11981,27979,-27979,0,-15998
"BC Aggregated Facilities (E < 10,000 tCO2e each)",Imperial Oil Resources,15998,106769,122767,-122767,0,-15998
"BC Aggregated Facilities (E < 10,000 tCO2e each)",Imperial Oil Resources,15998,10545,26543,-26543,0,-15998
"BC Aggregated Facilities (E < 10,000 tCO2e each)",Imperial Oil Resources,15998,10326,26324,-26324,0,-15998
"BC Aggregated Facilities (E < 10,000 tCO2e each)",Imperial Oil Resources,15998,#VALUE!, -   ,#VALUE!,0,-15998
"BC Aggregated Facilities (E < 10,000 tCO2e each)",Imperial Oil Resources,15998,#VALUE!, -   ,#VALUE!,0,-15998
"BC Aggregated Facilities (E < 10,000 tCO2e each)",Imperial Oil Resources,15998,#VALUE!, -   ,#VALUE!,0,-15998
"BC Aggregated Facilities (E < 10,000 tCO2e each)",Imperial Oil Resources,15998,#VALUE!, -   ,#VALUE!,0,-15998
"BC Aggregated Facilities (E < 10,000 tCO2e each)",Imperial Oil Resources,15998,-9680,6318,-6318,0,-15998
"BC Aggregated Facilities (E < 10,000 tCO2e each)",Imperial Oil Resources,15998,-8859,7139,-7139,0,-15998
"BC Aggregated Facilities (E < 10,000 tCO2e each)",Imperial Oil Resources,15998,-8772,7226,-7226,0,-15998
"BC Aggregated Facilities (E < 10,000 tCO2e each)",Imperial Oil Resources,15998,-7857,8141,-8141,0,-15998
"BC Aggregated Facilities (E < 10,000 tCO2e each)",Imperial Oil Resources,15998,-7582,8416,-8416,0,-15998
"BC Aggregated Facilities (E < 10,000 tCO2e each)",Imperial Oil Resources,15998,-6093,9905,-9905,0,-15998
"BC Aggregated Facilities (E < 10,000 tCO2e each)",Imperial Oil Resources,15998,-3299,12699,-12699,0,-15998
"BC Aggregated Facilities (E < 10,000 tCO2e each)",Imperial Oil Resources,15998,-2017,13981,-13981,0,-15998
"BC Aggregated Facilities (E < 10,000 tCO2e each)",Imperial Oil Resources,15998,-1692,14306,-14306,0,-15998
"BC Aggregated Facilities (E < 10,000 tCO2e each)",Imperial Oil Resources,15998,-15977,21,-21,0,-15998
"BC Aggregated Facilities (E < 10,000 tCO2e each)",Imperial Oil Resources,15998,-15937,61,-61,0,-15998
"BC Aggregated Facilities (E < 10,000 tCO2e each)",Imperial Oil Resources,15998,-1591,14407,-14407,0,-15998
"BC Aggregated Facilities (E < 10,000 tCO2e each)",Imperial Oil Resources,15998,-15598,400,-400,0,-15998
"BC Aggregated Facilities (E < 10,000 tCO2e each)",Imperial Oil Resources,15998,-14995,1003,-1003,0,-15998
"BC Aggregated Facilities (E < 10,000 tCO2e each)",Imperial Oil Resources,15998,-14510,1488,-1488,0,-15998
"BC Aggregated Facilities (E < 10,000 tCO2e each)",Imperial Oil Resources,15998,-14479,1519,-1519,0,-15998
"BC Aggregated Facilities (E < 10,000 tCO2e each)",Imperial Oil Resources,15998,-13914,2084,-2084,0,-15998
"BC Aggregated Facilities (E < 10,000 tCO2e each)",Imperial Oil Resources,15998,-13513,2485,-2485,0,-15998
"BC Aggregated Facilities (E < 10,000 tCO2e each)",Imperial Oil Resources,15998,-12598,3400,-3400,0,-15998
"BC Aggregated Facilities (E < 10,000 tCO2e each)",Imperial Oil Resources,15998,-11193,4805,-4805,0,-15998
"BC Aggregated Facilities (E < 10,000 tCO2e each)",Imperial Oil Resources,15998,-1116,14882,-14882,0,-15998
Laprise Main Battery (D-30-E/94-H-5),Suncor Energy Inc.,16273,-2255,14018,-14018,0,-16273
Steeprock Sour Gas Plant,EnCana Corporation,51706,-8102,43604,-8188,35416,-16290
Adsett Comp Stn D-053-G,Canadian natural Resources Limited,16354,-2918,13436,-13436,0,-16354
"BC Aggregated Facilities (E < 10,000 tCO2e each)",Nexen Inc.,16654,9889,26543,-26543,0,-16654
"BC Aggregated Facilities (E < 10,000 tCO2e each)",Nexen Inc.,16654,973,17627,-17627,0,-16654
"BC Aggregated Facilities (E < 10,000 tCO2e each)",Nexen Inc.,16654,96996,113650,-113650,0,-16654
"BC Aggregated Facilities (E < 10,000 tCO2e each)",Nexen Inc.,16654,9670,26324,-26324,0,-16654
"BC Aggregated Facilities (E < 10,000 tCO2e each)",Nexen Inc.,16654,53696,70350,-70350,0,-16654
"BC Aggregated Facilities (E < 10,000 tCO2e each)",Nexen Inc.,16654,42119,58773,-58773,0,-16654
"BC Aggregated Facilities (E < 10,000 tCO2e each)",Nexen Inc.,16654,381425,398079,-398079,0,-16654
"BC Aggregated Facilities (E < 10,000 tCO2e each)",Nexen Inc.,16654,3148,19802,-19802,0,-16654
"BC Aggregated Facilities (E < 10,000 tCO2e each)",Nexen Inc.,16654,24382,41036,-41036,0,-16654
"BC Aggregated Facilities (E < 10,000 tCO2e each)",Nexen Inc.,16654,17930,34584,-34584,0,-16654
"BC Aggregated Facilities (E < 10,000 tCO2e each)",Nexen Inc.,16654,17871,34525,-34525,0,-16654
"BC Aggregated Facilities (E < 10,000 tCO2e each)",Nexen Inc.,16654,176808,193462,-193462,0,-16654
"BC Aggregated Facilities (E < 10,000 tCO2e each)",Nexen Inc.,16654,16984,33638,-33638,0,-16654
"BC Aggregated Facilities (E < 10,000 tCO2e each)",Nexen Inc.,16654,14315,30969,-30969,0,-16654
"BC Aggregated Facilities (E < 10,000 tCO2e each)",Nexen Inc.,16654,1210,17864,-17864,0,-16654
"BC Aggregated Facilities (E < 10,000 tCO2e each)",Nexen Inc.,16654,12019,28673,-28673,0,-16654
"BC Aggregated Facilities (E < 10,000 tCO2e each)",Nexen Inc.,16654,11325,27979,-27979,0,-16654
"BC Aggregated Facilities (E < 10,000 tCO2e each)",Nexen Inc.,16654,106113,122767,-122767,0,-16654
"BC Aggregated Facilities (E < 10,000 tCO2e each)",Nexen Inc.,16654,#VALUE!, -   ,#VALUE!,0,-16654
"BC Aggregated Facilities (E < 10,000 tCO2e each)",Nexen Inc.,16654,#VALUE!, -   ,#VALUE!,0,-16654
"BC Aggregated Facilities (E < 10,000 tCO2e each)",Nexen Inc.,16654,#VALUE!, -   ,#VALUE!,0,-16654
"BC Aggregated Facilities (E < 10,000 tCO2e each)",Nexen Inc.,16654,#VALUE!, -   ,#VALUE!,0,-16654
"BC Aggregated Facilities (E < 10,000 tCO2e each)",Nexen Inc.,16654,-9515,7139,-7139,0,-16654
"BC Aggregated Facilities (E < 10,000 tCO2e each)",Nexen Inc.,16654,-9428,7226,-7226,0,-16654
"BC Aggregated Facilities (E < 10,000 tCO2e each)",Nexen Inc.,16654,-8513,8141,-8141,0,-16654
"BC Aggregated Facilities (E < 10,000 tCO2e each)",Nexen Inc.,16654,-8238,8416,-8416,0,-16654
"BC Aggregated Facilities (E < 10,000 tCO2e each)",Nexen Inc.,16654,-6749,9905,-9905,0,-16654
"BC Aggregated Facilities (E < 10,000 tCO2e each)",Nexen Inc.,16654,-3955,12699,-12699,0,-16654
"BC Aggregated Facilities (E < 10,000 tCO2e each)",Nexen Inc.,16654,-2673,13981,-13981,0,-16654
"BC Aggregated Facilities (E < 10,000 tCO2e each)",Nexen Inc.,16654,-2348,14306,-14306,0,-16654
"BC Aggregated Facilities (E < 10,000 tCO2e each)",Nexen Inc.,16654,-2247,14407,-14407,0,-16654
"BC Aggregated Facilities (E < 10,000 tCO2e each)",Nexen Inc.,16654,-1772,14882,-14882,0,-16654
"BC Aggregated Facilities (E < 10,000 tCO2e each)",Nexen Inc.,16654,-16633,21,-21,0,-16654
"BC Aggregated Facilities (E < 10,000 tCO2e each)",Nexen Inc.,16654,-16593,61,-61,0,-16654
"BC Aggregated Facilities (E < 10,000 tCO2e each)",Nexen Inc.,16654,-16254,400,-400,0,-16654
"BC Aggregated Facilities (E < 10,000 tCO2e each)",Nexen Inc.,16654,-15651,1003,-1003,0,-16654
"BC Aggregated Facilities (E < 10,000 tCO2e each)",Nexen Inc.,16654,-15166,1488,-1488,0,-16654
"BC Aggregated Facilities (E < 10,000 tCO2e each)",Nexen Inc.,16654,-15135,1519,-1519,0,-16654
"BC Aggregated Facilities (E < 10,000 tCO2e each)",Nexen Inc.,16654,-14570,2084,-2084,0,-16654
"BC Aggregated Facilities (E < 10,000 tCO2e each)",Nexen Inc.,16654,-14169,2485,-2485,0,-16654
"BC Aggregated Facilities (E < 10,000 tCO2e each)",Nexen Inc.,16654,-13254,3400,-3400,0,-16654
"BC Aggregated Facilities (E < 10,000 tCO2e each)",Nexen Inc.,16654,-11849,4805,-4805,0,-16654
"BC Aggregated Facilities (E < 10,000 tCO2e each)",Nexen Inc.,16654,-10336,6318,-6318,0,-16654
Laprise A-40-E/94-H-5,TAQA North Ltd.,17061,-17061,0,0,0,-17061
Burrard Generating Station,British Columbia Hydro and Power Authority,41617,-20878,20739,3680,24419,-17198
"BC Aggregated Facilities (E < 10,000 tCO2e each)",ARC Resources,17201,96449,113650,-113650,0,-17201
"BC Aggregated Facilities (E < 10,000 tCO2e each)",ARC Resources,17201,9342,26543,-26543,0,-17201
"BC Aggregated Facilities (E < 10,000 tCO2e each)",ARC Resources,17201,9123,26324,-26324,0,-17201
"BC Aggregated Facilities (E < 10,000 tCO2e each)",ARC Resources,17201,663,17864,-17864,0,-17201
"BC Aggregated Facilities (E < 10,000 tCO2e each)",ARC Resources,17201,53149,70350,-70350,0,-17201
"BC Aggregated Facilities (E < 10,000 tCO2e each)",ARC Resources,17201,426,17627,-17627,0,-17201
"BC Aggregated Facilities (E < 10,000 tCO2e each)",ARC Resources,17201,41572,58773,-58773,0,-17201
"BC Aggregated Facilities (E < 10,000 tCO2e each)",ARC Resources,17201,380878,398079,-398079,0,-17201
"BC Aggregated Facilities (E < 10,000 tCO2e each)",ARC Resources,17201,2601,19802,-19802,0,-17201
"BC Aggregated Facilities (E < 10,000 tCO2e each)",ARC Resources,17201,23835,41036,-41036,0,-17201
"BC Aggregated Facilities (E < 10,000 tCO2e each)",ARC Resources,17201,176261,193462,-193462,0,-17201
"BC Aggregated Facilities (E < 10,000 tCO2e each)",ARC Resources,17201,17383,34584,-34584,0,-17201
"BC Aggregated Facilities (E < 10,000 tCO2e each)",ARC Resources,17201,17324,34525,-34525,0,-17201
"BC Aggregated Facilities (E < 10,000 tCO2e each)",ARC Resources,17201,16437,33638,-33638,0,-17201
"BC Aggregated Facilities (E < 10,000 tCO2e each)",ARC Resources,17201,13768,30969,-30969,0,-17201
"BC Aggregated Facilities (E < 10,000 tCO2e each)",ARC Resources,17201,11472,28673,-28673,0,-17201
"BC Aggregated Facilities (E < 10,000 tCO2e each)",ARC Resources,17201,10778,27979,-27979,0,-17201
"BC Aggregated Facilities (E < 10,000 tCO2e each)",ARC Resources,17201,105566,122767,-122767,0,-17201
"BC Aggregated Facilities (E < 10,000 tCO2e each)",ARC Resources,17201,#VALUE!, -   ,#VALUE!,0,-17201
"BC Aggregated Facilities (E < 10,000 tCO2e each)",ARC Resources,17201,#VALUE!, -   ,#VALUE!,0,-17201
"BC Aggregated Facilities (E < 10,000 tCO2e each)",ARC Resources,17201,#VALUE!, -   ,#VALUE!,0,-17201
"BC Aggregated Facilities (E < 10,000 tCO2e each)",ARC Resources,17201,#VALUE!, -   ,#VALUE!,0,-17201
"BC Aggregated Facilities (E < 10,000 tCO2e each)",ARC Resources,17201,-9975,7226,-7226,0,-17201
"BC Aggregated Facilities (E < 10,000 tCO2e each)",ARC Resources,17201,-9060,8141,-8141,0,-17201
"BC Aggregated Facilities (E < 10,000 tCO2e each)",ARC Resources,17201,-8785,8416,-8416,0,-17201
"BC Aggregated Facilities (E < 10,000 tCO2e each)",ARC Resources,17201,-7296,9905,-9905,0,-17201
"BC Aggregated Facilities (E < 10,000 tCO2e each)",ARC Resources,17201,-4502,12699,-12699,0,-17201
"BC Aggregated Facilities (E < 10,000 tCO2e each)",ARC Resources,17201,-3220,13981,-13981,0,-17201
"BC Aggregated Facilities (E < 10,000 tCO2e each)",ARC Resources,17201,-2895,14306,-14306,0,-17201
"BC Aggregated Facilities (E < 10,000 tCO2e each)",ARC Resources,17201,-2794,14407,-14407,0,-17201
"BC Aggregated Facilities (E < 10,000 tCO2e each)",ARC Resources,17201,-2319,14882,-14882,0,-17201
"BC Aggregated Facilities (E < 10,000 tCO2e each)",ARC Resources,17201,-17180,21,-21,0,-17201
"BC Aggregated Facilities (E < 10,000 tCO2e each)",ARC Resources,17201,-17140,61,-61,0,-17201
"BC Aggregated Facilities (E < 10,000 tCO2e each)",ARC Resources,17201,-16801,400,-400,0,-17201
"BC Aggregated Facilities (E < 10,000 tCO2e each)",ARC Resources,17201,-16198,1003,-1003,0,-17201
"BC Aggregated Facilities (E < 10,000 tCO2e each)",ARC Resources,17201,-15713,1488,-1488,0,-17201
"BC Aggregated Facilities (E < 10,000 tCO2e each)",ARC Resources,17201,-15682,1519,-1519,0,-17201
"BC Aggregated Facilities (E < 10,000 tCO2e each)",ARC Resources,17201,-15117,2084,-2084,0,-17201
"BC Aggregated Facilities (E < 10,000 tCO2e each)",ARC Resources,17201,-14716,2485,-2485,0,-17201
"BC Aggregated Facilities (E < 10,000 tCO2e each)",ARC Resources,17201,-13801,3400,-3400,0,-17201
"BC Aggregated Facilities (E < 10,000 tCO2e each)",ARC Resources,17201,-12396,4805,-4805,0,-17201
"BC Aggregated Facilities (E < 10,000 tCO2e each)",ARC Resources,17201,-10883,6318,-6318,0,-17201
"BC Aggregated Facilities (E < 10,000 tCO2e each)",ARC Resources,17201,-10062,7139,-7139,0,-17201
Parkland Gas Plant (06-29-081-15W6M),Suncor Energy Inc.,17709,-918,16791,-16791,0,-17709
Chetwynd Operation,Tembec,18292,-735,17557,-17557,0,-18292
"BC Aggregated Facilities (E < 10,000 tCO2e each)",TAQA North Ltd.,18588,95062,113650,-113650,0,-18588
"BC Aggregated Facilities (E < 10,000 tCO2e each)",TAQA North Ltd.,18588,9391,27979,-27979,0,-18588
"BC Aggregated Facilities (E < 10,000 tCO2e each)",TAQA North Ltd.,18588,7955,26543,-26543,0,-18588
"BC Aggregated Facilities (E < 10,000 tCO2e each)",TAQA North Ltd.,18588,7736,26324,-26324,0,-18588
"BC Aggregated Facilities (E < 10,000 tCO2e each)",TAQA North Ltd.,18588,51762,70350,-70350,0,-18588
"BC Aggregated Facilities (E < 10,000 tCO2e each)",TAQA North Ltd.,18588,40185,58773,-58773,0,-18588
"BC Aggregated Facilities (E < 10,000 tCO2e each)",TAQA North Ltd.,18588,379491,398079,-398079,0,-18588
"BC Aggregated Facilities (E < 10,000 tCO2e each)",TAQA North Ltd.,18588,22448,41036,-41036,0,-18588
"BC Aggregated Facilities (E < 10,000 tCO2e each)",TAQA North Ltd.,18588,174874,193462,-193462,0,-18588
"BC Aggregated Facilities (E < 10,000 tCO2e each)",TAQA North Ltd.,18588,15996,34584,-34584,0,-18588
"BC Aggregated Facilities (E < 10,000 tCO2e each)",TAQA North Ltd.,18588,15937,34525,-34525,0,-18588
"BC Aggregated Facilities (E < 10,000 tCO2e each)",TAQA North Ltd.,18588,15050,33638,-33638,0,-18588
"BC Aggregated Facilities (E < 10,000 tCO2e each)",TAQA North Ltd.,18588,12381,30969,-30969,0,-18588
"BC Aggregated Facilities (E < 10,000 tCO2e each)",TAQA North Ltd.,18588,1214,19802,-19802,0,-18588
"BC Aggregated Facilities (E < 10,000 tCO2e each)",TAQA North Ltd.,18588,104179,122767,-122767,0,-18588
"BC Aggregated Facilities (E < 10,000 tCO2e each)",TAQA North Ltd.,18588,10085,28673,-28673,0,-18588
"BC Aggregated Facilities (E < 10,000 tCO2e each)",TAQA North Ltd.,18588,#VALUE!, -   ,#VALUE!,0,-18588
"BC Aggregated Facilities (E < 10,000 tCO2e each)",TAQA North Ltd.,18588,#VALUE!, -   ,#VALUE!,0,-18588
"BC Aggregated Facilities (E < 10,000 tCO2e each)",TAQA North Ltd.,18588,#VALUE!, -   ,#VALUE!,0,-18588
"BC Aggregated Facilities (E < 10,000 tCO2e each)",TAQA North Ltd.,18588,#VALUE!, -   ,#VALUE!,0,-18588
"BC Aggregated Facilities (E < 10,000 tCO2e each)",TAQA North Ltd.,18588,-961,17627,-17627,0,-18588
"BC Aggregated Facilities (E < 10,000 tCO2e each)",TAQA North Ltd.,18588,-8683,9905,-9905,0,-18588
"BC Aggregated Facilities (E < 10,000 tCO2e each)",TAQA North Ltd.,18588,-724,17864,-17864,0,-18588
"BC Aggregated Facilities (E < 10,000 tCO2e each)",TAQA North Ltd.,18588,-5889,12699,-12699,0,-18588
"BC Aggregated Facilities (E < 10,000 tCO2e each)",TAQA North Ltd.,18588,-4607,13981,-13981,0,-18588
"BC Aggregated Facilities (E < 10,000 tCO2e each)",TAQA North Ltd.,18588,-4282,14306,-14306,0,-18588
"BC Aggregated Facilities (E < 10,000 tCO2e each)",TAQA North Ltd.,18588,-4181,14407,-14407,0,-18588
"BC Aggregated Facilities (E < 10,000 tCO2e each)",TAQA North Ltd.,18588,-3706,14882,-14882,0,-18588
"BC Aggregated Facilities (E < 10,000 tCO2e each)",TAQA North Ltd.,18588,-18567,21,-21,0,-18588
"BC Aggregated Facilities (E < 10,000 tCO2e each)",TAQA North Ltd.,18588,-18527,61,-61,0,-18588
"BC Aggregated Facilities (E < 10,000 tCO2e each)",TAQA North Ltd.,18588,-18188,400,-400,0,-18588
"BC Aggregated Facilities (E < 10,000 tCO2e each)",TAQA North Ltd.,18588,-17585,1003,-1003,0,-18588
"BC Aggregated Facilities (E < 10,000 tCO2e each)",TAQA North Ltd.,18588,-17100,1488,-1488,0,-18588
"BC Aggregated Facilities (E < 10,000 tCO2e each)",TAQA North Ltd.,18588,-17069,1519,-1519,0,-18588
"BC Aggregated Facilities (E < 10,000 tCO2e each)",TAQA North Ltd.,18588,-16504,2084,-2084,0,-18588
"BC Aggregated Facilities (E < 10,000 tCO2e each)",TAQA North Ltd.,18588,-16103,2485,-2485,0,-18588
"BC Aggregated Facilities (E < 10,000 tCO2e each)",TAQA North Ltd.,18588,-15188,3400,-3400,0,-18588
"BC Aggregated Facilities (E < 10,000 tCO2e each)",TAQA North Ltd.,18588,-13783,4805,-4805,0,-18588
"BC Aggregated Facilities (E < 10,000 tCO2e each)",TAQA North Ltd.,18588,-12270,6318,-6318,0,-18588
"BC Aggregated Facilities (E < 10,000 tCO2e each)",TAQA North Ltd.,18588,-11449,7139,-7139,0,-18588
"BC Aggregated Facilities (E < 10,000 tCO2e each)",TAQA North Ltd.,18588,-11362,7226,-7226,0,-18588
"BC Aggregated Facilities (E < 10,000 tCO2e each)",TAQA North Ltd.,18588,-10447,8141,-8141,0,-18588
"BC Aggregated Facilities (E < 10,000 tCO2e each)",TAQA North Ltd.,18588,-10172,8416,-8416,0,-18588
Northwood Pulp Mill,Canfor Pulp Limited Partnership,118885,27139,146024,-46257,99767,-19118
"BC Aggregated Facilities (E < 10,000 tCO2e each)",Crew Energy Inc.,19656,93994,113650,-113650,0,-19656
"BC Aggregated Facilities (E < 10,000 tCO2e each)",Crew Energy Inc.,19656,9017,28673,-28673,0,-19656
"BC Aggregated Facilities (E < 10,000 tCO2e each)",Crew Energy Inc.,19656,8323,27979,-27979,0,-19656
"BC Aggregated Facilities (E < 10,000 tCO2e each)",Crew Energy Inc.,19656,6887,26543,-26543,0,-19656
"BC Aggregated Facilities (E < 10,000 tCO2e each)",Crew Energy Inc.,19656,6668,26324,-26324,0,-19656
"BC Aggregated Facilities (E < 10,000 tCO2e each)",Crew Energy Inc.,19656,50694,70350,-70350,0,-19656
"BC Aggregated Facilities (E < 10,000 tCO2e each)",Crew Energy Inc.,19656,39117,58773,-58773,0,-19656
"BC Aggregated Facilities (E < 10,000 tCO2e each)",Crew Energy Inc.,19656,378423,398079,-398079,0,-19656
"BC Aggregated Facilities (E < 10,000 tCO2e each)",Crew Energy Inc.,19656,21380,41036,-41036,0,-19656
"BC Aggregated Facilities (E < 10,000 tCO2e each)",Crew Energy Inc.,19656,173806,193462,-193462,0,-19656
"BC Aggregated Facilities (E < 10,000 tCO2e each)",Crew Energy Inc.,19656,14928,34584,-34584,0,-19656
"BC Aggregated Facilities (E < 10,000 tCO2e each)",Crew Energy Inc.,19656,14869,34525,-34525,0,-19656
"BC Aggregated Facilities (E < 10,000 tCO2e each)",Crew Energy Inc.,19656,146,19802,-19802,0,-19656
"BC Aggregated Facilities (E < 10,000 tCO2e each)",Crew Energy Inc.,19656,13982,33638,-33638,0,-19656
"BC Aggregated Facilities (E < 10,000 tCO2e each)",Crew Energy Inc.,19656,11313,30969,-30969,0,-19656
"BC Aggregated Facilities (E < 10,000 tCO2e each)",Crew Energy Inc.,19656,103111,122767,-122767,0,-19656
"BC Aggregated Facilities (E < 10,000 tCO2e each)",Crew Energy Inc.,19656,#VALUE!, -   ,#VALUE!,0,-19656
"BC Aggregated Facilities (E < 10,000 tCO2e each)",Crew Energy Inc.,19656,#VALUE!, -   ,#VALUE!,0,-19656
"BC Aggregated Facilities (E < 10,000 tCO2e each)",Crew Energy Inc.,19656,#VALUE!, -   ,#VALUE!,0,-19656
"BC Aggregated Facilities (E < 10,000 tCO2e each)",Crew Energy Inc.,19656,#VALUE!, -   ,#VALUE!,0,-19656
"BC Aggregated Facilities (E < 10,000 tCO2e each)",Crew Energy Inc.,19656,-9751,9905,-9905,0,-19656
"BC Aggregated Facilities (E < 10,000 tCO2e each)",Crew Energy Inc.,19656,-6957,12699,-12699,0,-19656
"BC Aggregated Facilities (E < 10,000 tCO2e each)",Crew Energy Inc.,19656,-5675,13981,-13981,0,-19656
"BC Aggregated Facilities (E < 10,000 tCO2e each)",Crew Energy Inc.,19656,-5350,14306,-14306,0,-19656
"BC Aggregated Facilities (E < 10,000 tCO2e each)",Crew Energy Inc.,19656,-5249,14407,-14407,0,-19656
"BC Aggregated Facilities (E < 10,000 tCO2e each)",Crew Energy Inc.,19656,-4774,14882,-14882,0,-19656
"BC Aggregated Facilities (E < 10,000 tCO2e each)",Crew Energy Inc.,19656,-2029,17627,-17627,0,-19656
"BC Aggregated Facilities (E < 10,000 tCO2e each)",Crew Energy Inc.,19656,-19635,21,-21,0,-19656
"BC Aggregated Facilities (E < 10,000 tCO2e each)",Crew Energy Inc.,19656,-19595,61,-61,0,-19656
"BC Aggregated Facilities (E < 10,000 tCO2e each)",Crew Energy Inc.,19656,-19256,400,-400,0,-19656
"BC Aggregated Facilities (E < 10,000 tCO2e each)",Crew Energy Inc.,19656,-18653,1003,-1003,0,-19656
"BC Aggregated Facilities (E < 10,000 tCO2e each)",Crew Energy Inc.,19656,-18168,1488,-1488,0,-19656
"BC Aggregated Facilities (E < 10,000 tCO2e each)",Crew Energy Inc.,19656,-18137,1519,-1519,0,-19656
"BC Aggregated Facilities (E < 10,000 tCO2e each)",Crew Energy Inc.,19656,-1792,17864,-17864,0,-19656
"BC Aggregated Facilities (E < 10,000 tCO2e each)",Crew Energy Inc.,19656,-17572,2084,-2084,0,-19656
"BC Aggregated Facilities (E < 10,000 tCO2e each)",Crew Energy Inc.,19656,-17171,2485,-2485,0,-19656
"BC Aggregated Facilities (E < 10,000 tCO2e each)",Crew Energy Inc.,19656,-16256,3400,-3400,0,-19656
"BC Aggregated Facilities (E < 10,000 tCO2e each)",Crew Energy Inc.,19656,-14851,4805,-4805,0,-19656
"BC Aggregated Facilities (E < 10,000 tCO2e each)",Crew Energy Inc.,19656,-13338,6318,-6318,0,-19656
"BC Aggregated Facilities (E < 10,000 tCO2e each)",Crew Energy Inc.,19656,-12517,7139,-7139,0,-19656
"BC Aggregated Facilities (E < 10,000 tCO2e each)",Crew Energy Inc.,19656,-12430,7226,-7226,0,-19656
"BC Aggregated Facilities (E < 10,000 tCO2e each)",Crew Energy Inc.,19656,-11515,8141,-8141,0,-19656
"BC Aggregated Facilities (E < 10,000 tCO2e each)",Crew Energy Inc.,19656,-11240,8416,-8416,0,-19656
"BC Aggregated Facilities (E < 10,000 tCO2e each)",Baytex Energy,20573,93077,113650,-113650,0,-20573
"BC Aggregated Facilities (E < 10,000 tCO2e each)",Baytex Energy,20573,8100,28673,-28673,0,-20573
"BC Aggregated Facilities (E < 10,000 tCO2e each)",Baytex Energy,20573,7406,27979,-27979,0,-20573
"BC Aggregated Facilities (E < 10,000 tCO2e each)",Baytex Energy,20573,5970,26543,-26543,0,-20573
"BC Aggregated Facilities (E < 10,000 tCO2e each)",Baytex Energy,20573,5751,26324,-26324,0,-20573
"BC Aggregated Facilities (E < 10,000 tCO2e each)",Baytex Energy,20573,49777,70350,-70350,0,-20573
"BC Aggregated Facilities (E < 10,000 tCO2e each)",Baytex Energy,20573,38200,58773,-58773,0,-20573
"BC Aggregated Facilities (E < 10,000 tCO2e each)",Baytex Energy,20573,377506,398079,-398079,0,-20573
"BC Aggregated Facilities (E < 10,000 tCO2e each)",Baytex Energy,20573,20463,41036,-41036,0,-20573
"BC Aggregated Facilities (E < 10,000 tCO2e each)",Baytex Energy,20573,172889,193462,-193462,0,-20573
"BC Aggregated Facilities (E < 10,000 tCO2e each)",Baytex Energy,20573,14011,34584,-34584,0,-20573
"BC Aggregated Facilities (E < 10,000 tCO2e each)",Baytex Energy,20573,13952,34525,-34525,0,-20573
"BC Aggregated Facilities (E < 10,000 tCO2e each)",Baytex Energy,20573,13065,33638,-33638,0,-20573
"BC Aggregated Facilities (E < 10,000 tCO2e each)",Baytex Energy,20573,10396,30969,-30969,0,-20573
"BC Aggregated Facilities (E < 10,000 tCO2e each)",Baytex Energy,20573,102194,122767,-122767,0,-20573
"BC Aggregated Facilities (E < 10,000 tCO2e each)",Baytex Energy,20573,#VALUE!, -   ,#VALUE!,0,-20573
"BC Aggregated Facilities (E < 10,000 tCO2e each)",Baytex Energy,20573,#VALUE!, -   ,#VALUE!,0,-20573
"BC Aggregated Facilities (E < 10,000 tCO2e each)",Baytex Energy,20573,#VALUE!, -   ,#VALUE!,0,-20573
"BC Aggregated Facilities (E < 10,000 tCO2e each)",Baytex Energy,20573,#VALUE!, -   ,#VALUE!,0,-20573
"BC Aggregated Facilities (E < 10,000 tCO2e each)",Baytex Energy,20573,-7874,12699,-12699,0,-20573
"BC Aggregated Facilities (E < 10,000 tCO2e each)",Baytex Energy,20573,-771,19802,-19802,0,-20573
"BC Aggregated Facilities (E < 10,000 tCO2e each)",Baytex Energy,20573,-6592,13981,-13981,0,-20573
"BC Aggregated Facilities (E < 10,000 tCO2e each)",Baytex Energy,20573,-6267,14306,-14306,0,-20573
"BC Aggregated Facilities (E < 10,000 tCO2e each)",Baytex Energy,20573,-6166,14407,-14407,0,-20573
"BC Aggregated Facilities (E < 10,000 tCO2e each)",Baytex Energy,20573,-5691,14882,-14882,0,-20573
"BC Aggregated Facilities (E < 10,000 tCO2e each)",Baytex Energy,20573,-2946,17627,-17627,0,-20573
"BC Aggregated Facilities (E < 10,000 tCO2e each)",Baytex Energy,20573,-2709,17864,-17864,0,-20573
"BC Aggregated Facilities (E < 10,000 tCO2e each)",Baytex Energy,20573,-20552,21,-21,0,-20573
"BC Aggregated Facilities (E < 10,000 tCO2e each)",Baytex Energy,20573,-20512,61,-61,0,-20573
"BC Aggregated Facilities (E < 10,000 tCO2e each)",Baytex Energy,20573,-20173,400,-400,0,-20573
"BC Aggregated Facilities (E < 10,000 tCO2e each)",Baytex Energy,20573,-19570,1003,-1003,0,-20573
"BC Aggregated Facilities (E < 10,000 tCO2e each)",Baytex Energy,20573,-19085,1488,-1488,0,-20573
"BC Aggregated Facilities (E < 10,000 tCO2e each)",Baytex Energy,20573,-19054,1519,-1519,0,-20573
"BC Aggregated Facilities (E < 10,000 tCO2e each)",Baytex Energy,20573,-18489,2084,-2084,0,-20573
"BC Aggregated Facilities (E < 10,000 tCO2e each)",Baytex Energy,20573,-18088,2485,-2485,0,-20573
"BC Aggregated Facilities (E < 10,000 tCO2e each)",Baytex Energy,20573,-17173,3400,-3400,0,-20573
"BC Aggregated Facilities (E < 10,000 tCO2e each)",Baytex Energy,20573,-15768,4805,-4805,0,-20573
"BC Aggregated Facilities (E < 10,000 tCO2e each)",Baytex Energy,20573,-14255,6318,-6318,0,-20573
"BC Aggregated Facilities (E < 10,000 tCO2e each)",Baytex Energy,20573,-13434,7139,-7139,0,-20573
"BC Aggregated Facilities (E < 10,000 tCO2e each)",Baytex Energy,20573,-13347,7226,-7226,0,-20573
"BC Aggregated Facilities (E < 10,000 tCO2e each)",Baytex Energy,20573,-12432,8141,-8141,0,-20573
"BC Aggregated Facilities (E < 10,000 tCO2e each)",Baytex Energy,20573,-12157,8416,-8416,0,-20573
"BC Aggregated Facilities (E < 10,000 tCO2e each)",Baytex Energy,20573,-10668,9905,-9905,0,-20573
Skookumchuck Operation,Tembec,23088,-23088,0,0,0,-23088
West Coast Reduction Facility,West Coast Reduction Ltd.,23335,-23335,0,0,0,-23335
Town B-90-J/94-B-16,Progress Energy Resources Corp.,23554,-23554,0,0,0,-23554
"BC Aggregated Facilities (E < 10,000 tCO2e each)",Husky Oil Operations Limited,23631,99136,122767,-122767,0,-23631
"BC Aggregated Facilities (E < 10,000 tCO2e each)",Husky Oil Operations Limited,23631,90019,113650,-113650,0,-23631
"BC Aggregated Facilities (E < 10,000 tCO2e each)",Husky Oil Operations Limited,23631,7338,30969,-30969,0,-23631
"BC Aggregated Facilities (E < 10,000 tCO2e each)",Husky Oil Operations Limited,23631,5042,28673,-28673,0,-23631
"BC Aggregated Facilities (E < 10,000 tCO2e each)",Husky Oil Operations Limited,23631,46719,70350,-70350,0,-23631
"BC Aggregated Facilities (E < 10,000 tCO2e each)",Husky Oil Operations Limited,23631,4348,27979,-27979,0,-23631
"BC Aggregated Facilities (E < 10,000 tCO2e each)",Husky Oil Operations Limited,23631,374448,398079,-398079,0,-23631
"BC Aggregated Facilities (E < 10,000 tCO2e each)",Husky Oil Operations Limited,23631,35142,58773,-58773,0,-23631
"BC Aggregated Facilities (E < 10,000 tCO2e each)",Husky Oil Operations Limited,23631,2912,26543,-26543,0,-23631
"BC Aggregated Facilities (E < 10,000 tCO2e each)",Husky Oil Operations Limited,23631,2693,26324,-26324,0,-23631
"BC Aggregated Facilities (E < 10,000 tCO2e each)",Husky Oil Operations Limited,23631,17405,41036,-41036,0,-23631
"BC Aggregated Facilities (E < 10,000 tCO2e each)",Husky Oil Operations Limited,23631,169831,193462,-193462,0,-23631
"BC Aggregated Facilities (E < 10,000 tCO2e each)",Husky Oil Operations Limited,23631,10953,34584,-34584,0,-23631
"BC Aggregated Facilities (E < 10,000 tCO2e each)",Husky Oil Operations Limited,23631,10894,34525,-34525,0,-23631
"BC Aggregated Facilities (E < 10,000 tCO2e each)",Husky Oil Operations Limited,23631,10007,33638,-33638,0,-23631
"BC Aggregated Facilities (E < 10,000 tCO2e each)",Husky Oil Operations Limited,23631,#VALUE!, -   ,#VALUE!,0,-23631
"BC Aggregated Facilities (E < 10,000 tCO2e each)",Husky Oil Operations Limited,23631,#VALUE!, -   ,#VALUE!,0,-23631
"BC Aggregated Facilities (E < 10,000 tCO2e each)",Husky Oil Operations Limited,23631,#VALUE!, -   ,#VALUE!,0,-23631
"BC Aggregated Facilities (E < 10,000 tCO2e each)",Husky Oil Operations Limited,23631,#VALUE!, -   ,#VALUE!,0,-23631
"BC Aggregated Facilities (E < 10,000 tCO2e each)",Husky Oil Operations Limited,23631,-9650,13981,-13981,0,-23631
"BC Aggregated Facilities (E < 10,000 tCO2e each)",Husky Oil Operations Limited,23631,-9325,14306,-14306,0,-23631
"BC Aggregated Facilities (E < 10,000 tCO2e each)",Husky Oil Operations Limited,23631,-9224,14407,-14407,0,-23631
"BC Aggregated Facilities (E < 10,000 tCO2e each)",Husky Oil Operations Limited,23631,-8749,14882,-14882,0,-23631
"BC Aggregated Facilities (E < 10,000 tCO2e each)",Husky Oil Operations Limited,23631,-6004,17627,-17627,0,-23631
"BC Aggregated Facilities (E < 10,000 tCO2e each)",Husky Oil Operations Limited,23631,-5767,17864,-17864,0,-23631
"BC Aggregated Facilities (E < 10,000 tCO2e each)",Husky Oil Operations Limited,23631,-3829,19802,-19802,0,-23631
"BC Aggregated Facilities (E < 10,000 tCO2e each)",Husky Oil Operations Limited,23631,-23610,21,-21,0,-23631
"BC Aggregated Facilities (E < 10,000 tCO2e each)",Husky Oil Operations Limited,23631,-23570,61,-61,0,-23631
"BC Aggregated Facilities (E < 10,000 tCO2e each)",Husky Oil Operations Limited,23631,-23231,400,-400,0,-23631
"BC Aggregated Facilities (E < 10,000 tCO2e each)",Husky Oil Operations Limited,23631,-22628,1003,-1003,0,-23631
"BC Aggregated Facilities (E < 10,000 tCO2e each)",Husky Oil Operations Limited,23631,-22143,1488,-1488,0,-23631
"BC Aggregated Facilities (E < 10,000 tCO2e each)",Husky Oil Operations Limited,23631,-22112,1519,-1519,0,-23631
"BC Aggregated Facilities (E < 10,000 tCO2e each)",Husky Oil Operations Limited,23631,-21547,2084,-2084,0,-23631
"BC Aggregated Facilities (E < 10,000 tCO2e each)",Husky Oil Operations Limited,23631,-21146,2485,-2485,0,-23631
"BC Aggregated Facilities (E < 10,000 tCO2e each)",Husky Oil Operations Limited,23631,-20231,3400,-3400,0,-23631
"BC Aggregated Facilities (E < 10,000 tCO2e each)",Husky Oil Operations Limited,23631,-18826,4805,-4805,0,-23631
"BC Aggregated Facilities (E < 10,000 tCO2e each)",Husky Oil Operations Limited,23631,-17313,6318,-6318,0,-23631
"BC Aggregated Facilities (E < 10,000 tCO2e each)",Husky Oil Operations Limited,23631,-16492,7139,-7139,0,-23631
"BC Aggregated Facilities (E < 10,000 tCO2e each)",Husky Oil Operations Limited,23631,-16405,7226,-7226,0,-23631
"BC Aggregated Facilities (E < 10,000 tCO2e each)",Husky Oil Operations Limited,23631,-15490,8141,-8141,0,-23631
"BC Aggregated Facilities (E < 10,000 tCO2e each)",Husky Oil Operations Limited,23631,-15215,8416,-8416,0,-23631
"BC Aggregated Facilities (E < 10,000 tCO2e each)",Husky Oil Operations Limited,23631,-13726,9905,-9905,0,-23631
"BC Aggregated Facilities (E < 10,000 tCO2e each)",Husky Oil Operations Limited,23631,-10932,12699,-12699,0,-23631
Sierra Sour Gas Plant,EnCana Corporation,96412,-4076,92336,-19647,72689,-23723
"BC Aggregated Facilities (E < 10,000 tCO2e each)",Talisman Energy Inc.,23737,99030,122767,-122767,0,-23737
"BC Aggregated Facilities (E < 10,000 tCO2e each)",Talisman Energy Inc.,23737,9901,33638,-33638,0,-23737
"BC Aggregated Facilities (E < 10,000 tCO2e each)",Talisman Energy Inc.,23737,89913,113650,-113650,0,-23737
"BC Aggregated Facilities (E < 10,000 tCO2e each)",Talisman Energy Inc.,23737,7232,30969,-30969,0,-23737
"BC Aggregated Facilities (E < 10,000 tCO2e each)",Talisman Energy Inc.,23737,4936,28673,-28673,0,-23737
"BC Aggregated Facilities (E < 10,000 tCO2e each)",Talisman Energy Inc.,23737,46613,70350,-70350,0,-23737
"BC Aggregated Facilities (E < 10,000 tCO2e each)",Talisman Energy Inc.,23737,4242,27979,-27979,0,-23737
"BC Aggregated Facilities (E < 10,000 tCO2e each)",Talisman Energy Inc.,23737,374342,398079,-398079,0,-23737
"BC Aggregated Facilities (E < 10,000 tCO2e each)",Talisman Energy Inc.,23737,35036,58773,-58773,0,-23737
"BC Aggregated Facilities (E < 10,000 tCO2e each)",Talisman Energy Inc.,23737,2806,26543,-26543,0,-23737
"BC Aggregated Facilities (E < 10,000 tCO2e each)",Talisman Energy Inc.,23737,2587,26324,-26324,0,-23737
"BC Aggregated Facilities (E < 10,000 tCO2e each)",Talisman Energy Inc.,23737,17299,41036,-41036,0,-23737
"BC Aggregated Facilities (E < 10,000 tCO2e each)",Talisman Energy Inc.,23737,169725,193462,-193462,0,-23737
"BC Aggregated Facilities (E < 10,000 tCO2e each)",Talisman Energy Inc.,23737,10847,34584,-34584,0,-23737
"BC Aggregated Facilities (E < 10,000 tCO2e each)",Talisman Energy Inc.,23737,10788,34525,-34525,0,-23737
"BC Aggregated Facilities (E < 10,000 tCO2e each)",Talisman Energy Inc.,23737,#VALUE!, -   ,#VALUE!,0,-23737
"BC Aggregated Facilities (E < 10,000 tCO2e each)",Talisman Energy Inc.,23737,#VALUE!, -   ,#VALUE!,0,-23737
"BC Aggregated Facilities (E < 10,000 tCO2e each)",Talisman Energy Inc.,23737,#VALUE!, -   ,#VALUE!,0,-23737
"BC Aggregated Facilities (E < 10,000 tCO2e each)",Talisman Energy Inc.,23737,#VALUE!, -   ,#VALUE!,0,-23737
"BC Aggregated Facilities (E < 10,000 tCO2e each)",Talisman Energy Inc.,23737,-9756,13981,-13981,0,-23737
"BC Aggregated Facilities (E < 10,000 tCO2e each)",Talisman Energy Inc.,23737,-9431,14306,-14306,0,-23737
"BC Aggregated Facilities (E < 10,000 tCO2e each)",Talisman Energy Inc.,23737,-9330,14407,-14407,0,-23737
"BC Aggregated Facilities (E < 10,000 tCO2e each)",Talisman Energy Inc.,23737,-8855,14882,-14882,0,-23737
"BC Aggregated Facilities (E < 10,000 tCO2e each)",Talisman Energy Inc.,23737,-6110,17627,-17627,0,-23737
"BC Aggregated Facilities (E < 10,000 tCO2e each)",Talisman Energy Inc.,23737,-5873,17864,-17864,0,-23737
"BC Aggregated Facilities (E < 10,000 tCO2e each)",Talisman Energy Inc.,23737,-3935,19802,-19802,0,-23737
"BC Aggregated Facilities (E < 10,000 tCO2e each)",Talisman Energy Inc.,23737,-23716,21,-21,0,-23737
"BC Aggregated Facilities (E < 10,000 tCO2e each)",Talisman Energy Inc.,23737,-23676,61,-61,0,-23737
"BC Aggregated Facilities (E < 10,000 tCO2e each)",Talisman Energy Inc.,23737,-23337,400,-400,0,-23737
"BC Aggregated Facilities (E < 10,000 tCO2e each)",Talisman Energy Inc.,23737,-22734,1003,-1003,0,-23737
"BC Aggregated Facilities (E < 10,000 tCO2e each)",Talisman Energy Inc.,23737,-22249,1488,-1488,0,-23737
"BC Aggregated Facilities (E < 10,000 tCO2e each)",Talisman Energy Inc.,23737,-22218,1519,-1519,0,-23737
"BC Aggregated Facilities (E < 10,000 tCO2e each)",Talisman Energy Inc.,23737,-21653,2084,-2084,0,-23737
"BC Aggregated Facilities (E < 10,000 tCO2e each)",Talisman Energy Inc.,23737,-21252,2485,-2485,0,-23737
"BC Aggregated Facilities (E < 10,000 tCO2e each)",Talisman Energy Inc.,23737,-20337,3400,-3400,0,-23737
"BC Aggregated Facilities (E < 10,000 tCO2e each)",Talisman Energy Inc.,23737,-18932,4805,-4805,0,-23737
"BC Aggregated Facilities (E < 10,000 tCO2e each)",Talisman Energy Inc.,23737,-17419,6318,-6318,0,-23737
"BC Aggregated Facilities (E < 10,000 tCO2e each)",Talisman Energy Inc.,23737,-16598,7139,-7139,0,-23737
"BC Aggregated Facilities (E < 10,000 tCO2e each)",Talisman Energy Inc.,23737,-16511,7226,-7226,0,-23737
"BC Aggregated Facilities (E < 10,000 tCO2e each)",Talisman Energy Inc.,23737,-15596,8141,-8141,0,-23737
"BC Aggregated Facilities (E < 10,000 tCO2e each)",Talisman Energy Inc.,23737,-15321,8416,-8416,0,-23737
"BC Aggregated Facilities (E < 10,000 tCO2e each)",Talisman Energy Inc.,23737,-13832,9905,-9905,0,-23737
"BC Aggregated Facilities (E < 10,000 tCO2e each)",Talisman Energy Inc.,23737,-11038,12699,-12699,0,-23737
"BC Aggregated Facilities (E < 10,000 tCO2e each)",Apache Canada Ltd.,24549,9976,34525,-34525,0,-24549
"BC Aggregated Facilities (E < 10,000 tCO2e each)",Apache Canada Ltd.,24549,98218,122767,-122767,0,-24549
"BC Aggregated Facilities (E < 10,000 tCO2e each)",Apache Canada Ltd.,24549,9089,33638,-33638,0,-24549
"BC Aggregated Facilities (E < 10,000 tCO2e each)",Apache Canada Ltd.,24549,89101,113650,-113650,0,-24549
"BC Aggregated Facilities (E < 10,000 tCO2e each)",Apache Canada Ltd.,24549,6420,30969,-30969,0,-24549
"BC Aggregated Facilities (E < 10,000 tCO2e each)",Apache Canada Ltd.,24549,45801,70350,-70350,0,-24549
"BC Aggregated Facilities (E < 10,000 tCO2e each)",Apache Canada Ltd.,24549,4124,28673,-28673,0,-24549
"BC Aggregated Facilities (E < 10,000 tCO2e each)",Apache Canada Ltd.,24549,373530,398079,-398079,0,-24549
"BC Aggregated Facilities (E < 10,000 tCO2e each)",Apache Canada Ltd.,24549,3430,27979,-27979,0,-24549
"BC Aggregated Facilities (E < 10,000 tCO2e each)",Apache Canada Ltd.,24549,34224,58773,-58773,0,-24549
"BC Aggregated Facilities (E < 10,000 tCO2e each)",Apache Canada Ltd.,24549,1994,26543,-26543,0,-24549
"BC Aggregated Facilities (E < 10,000 tCO2e each)",Apache Canada Ltd.,24549,1775,26324,-26324,0,-24549
"BC Aggregated Facilities (E < 10,000 tCO2e each)",Apache Canada Ltd.,24549,168913,193462,-193462,0,-24549
"BC Aggregated Facilities (E < 10,000 tCO2e each)",Apache Canada Ltd.,24549,16487,41036,-41036,0,-24549
"BC Aggregated Facilities (E < 10,000 tCO2e each)",Apache Canada Ltd.,24549,10035,34584,-34584,0,-24549
"BC Aggregated Facilities (E < 10,000 tCO2e each)",Apache Canada Ltd.,24549,#VALUE!, -   ,#VALUE!,0,-24549
"BC Aggregated Facilities (E < 10,000 tCO2e each)",Apache Canada Ltd.,24549,#VALUE!, -   ,#VALUE!,0,-24549
"BC Aggregated Facilities (E < 10,000 tCO2e each)",Apache Canada Ltd.,24549,#VALUE!, -   ,#VALUE!,0,-24549
"BC Aggregated Facilities (E < 10,000 tCO2e each)",Apache Canada Ltd.,24549,#VALUE!, -   ,#VALUE!,0,-24549
"BC Aggregated Facilities (E < 10,000 tCO2e each)",Apache Canada Ltd.,24549,-9667,14882,-14882,0,-24549
"BC Aggregated Facilities (E < 10,000 tCO2e each)",Apache Canada Ltd.,24549,-6922,17627,-17627,0,-24549
"BC Aggregated Facilities (E < 10,000 tCO2e each)",Apache Canada Ltd.,24549,-6685,17864,-17864,0,-24549
"BC Aggregated Facilities (E < 10,000 tCO2e each)",Apache Canada Ltd.,24549,-4747,19802,-19802,0,-24549
"BC Aggregated Facilities (E < 10,000 tCO2e each)",Apache Canada Ltd.,24549,-24528,21,-21,0,-24549
"BC Aggregated Facilities (E < 10,000 tCO2e each)",Apache Canada Ltd.,24549,-24488,61,-61,0,-24549
"BC Aggregated Facilities (E < 10,000 tCO2e each)",Apache Canada Ltd.,24549,-24149,400,-400,0,-24549
"BC Aggregated Facilities (E < 10,000 tCO2e each)",Apache Canada Ltd.,24549,-23546,1003,-1003,0,-24549
"BC Aggregated Facilities (E < 10,000 tCO2e each)",Apache Canada Ltd.,24549,-23061,1488,-1488,0,-24549
"BC Aggregated Facilities (E < 10,000 tCO2e each)",Apache Canada Ltd.,24549,-23030,1519,-1519,0,-24549
"BC Aggregated Facilities (E < 10,000 tCO2e each)",Apache Canada Ltd.,24549,-22465,2084,-2084,0,-24549
"BC Aggregated Facilities (E < 10,000 tCO2e each)",Apache Canada Ltd.,24549,-22064,2485,-2485,0,-24549
"BC Aggregated Facilities (E < 10,000 tCO2e each)",Apache Canada Ltd.,24549,-21149,3400,-3400,0,-24549
"BC Aggregated Facilities (E < 10,000 tCO2e each)",Apache Canada Ltd.,24549,-19744,4805,-4805,0,-24549
"BC Aggregated Facilities (E < 10,000 tCO2e each)",Apache Canada Ltd.,24549,-18231,6318,-6318,0,-24549
"BC Aggregated Facilities (E < 10,000 tCO2e each)",Apache Canada Ltd.,24549,-17410,7139,-7139,0,-24549
"BC Aggregated Facilities (E < 10,000 tCO2e each)",Apache Canada Ltd.,24549,-17323,7226,-7226,0,-24549
"BC Aggregated Facilities (E < 10,000 tCO2e each)",Apache Canada Ltd.,24549,-16408,8141,-8141,0,-24549
"BC Aggregated Facilities (E < 10,000 tCO2e each)",Apache Canada Ltd.,24549,-16133,8416,-8416,0,-24549
"BC Aggregated Facilities (E < 10,000 tCO2e each)",Apache Canada Ltd.,24549,-14644,9905,-9905,0,-24549
"BC Aggregated Facilities (E < 10,000 tCO2e each)",Apache Canada Ltd.,24549,-11850,12699,-12699,0,-24549
"BC Aggregated Facilities (E < 10,000 tCO2e each)",Apache Canada Ltd.,24549,-10568,13981,-13981,0,-24549
"BC Aggregated Facilities (E < 10,000 tCO2e each)",Apache Canada Ltd.,24549,-10243,14306,-14306,0,-24549
"BC Aggregated Facilities (E < 10,000 tCO2e each)",Apache Canada Ltd.,24549,-10142,14407,-14407,0,-24549
BC Linear Facilities Operation (LFO),Ramshorn Canada Investments Limited,25779,-25779,0,0,0,-25779
"BC Aggregated Facilities (E < 10,000 tCO2e each)",Spectra Energy Transmission,25784,96983,122767,-122767,0,-25784
"BC Aggregated Facilities (E < 10,000 tCO2e each)",Spectra Energy Transmission,25784,8800,34584,-34584,0,-25784
"BC Aggregated Facilities (E < 10,000 tCO2e each)",Spectra Energy Transmission,25784,87866,113650,-113650,0,-25784
"BC Aggregated Facilities (E < 10,000 tCO2e each)",Spectra Energy Transmission,25784,8741,34525,-34525,0,-25784
"BC Aggregated Facilities (E < 10,000 tCO2e each)",Spectra Energy Transmission,25784,7854,33638,-33638,0,-25784
"BC Aggregated Facilities (E < 10,000 tCO2e each)",Spectra Energy Transmission,25784,759,26543,-26543,0,-25784
"BC Aggregated Facilities (E < 10,000 tCO2e each)",Spectra Energy Transmission,25784,540,26324,-26324,0,-25784
"BC Aggregated Facilities (E < 10,000 tCO2e each)",Spectra Energy Transmission,25784,5185,30969,-30969,0,-25784
"BC Aggregated Facilities (E < 10,000 tCO2e each)",Spectra Energy Transmission,25784,44566,70350,-70350,0,-25784
"BC Aggregated Facilities (E < 10,000 tCO2e each)",Spectra Energy Transmission,25784,372295,398079,-398079,0,-25784
"BC Aggregated Facilities (E < 10,000 tCO2e each)",Spectra Energy Transmission,25784,32989,58773,-58773,0,-25784
"BC Aggregated Facilities (E < 10,000 tCO2e each)",Spectra Energy Transmission,25784,2889,28673,-28673,0,-25784
"BC Aggregated Facilities (E < 10,000 tCO2e each)",Spectra Energy Transmission,25784,2195,27979,-27979,0,-25784
"BC Aggregated Facilities (E < 10,000 tCO2e each)",Spectra Energy Transmission,25784,167678,193462,-193462,0,-25784
"BC Aggregated Facilities (E < 10,000 tCO2e each)",Spectra Energy Transmission,25784,15252,41036,-41036,0,-25784
"BC Aggregated Facilities (E < 10,000 tCO2e each)",Spectra Energy Transmission,25784,#VALUE!, -   ,#VALUE!,0,-25784
"BC Aggregated Facilities (E < 10,000 tCO2e each)",Spectra Energy Transmission,25784,#VALUE!, -   ,#VALUE!,0,-25784
"BC Aggregated Facilities (E < 10,000 tCO2e each)",Spectra Energy Transmission,25784,#VALUE!, -   ,#VALUE!,0,-25784
"BC Aggregated Facilities (E < 10,000 tCO2e each)",Spectra Energy Transmission,25784,#VALUE!, -   ,#VALUE!,0,-25784
"BC Aggregated Facilities (E < 10,000 tCO2e each)",Spectra Energy Transmission,25784,-8157,17627,-17627,0,-25784
"BC Aggregated Facilities (E < 10,000 tCO2e each)",Spectra Energy Transmission,25784,-7920,17864,-17864,0,-25784
"BC Aggregated Facilities (E < 10,000 tCO2e each)",Spectra Energy Transmission,25784,-5982,19802,-19802,0,-25784
"BC Aggregated Facilities (E < 10,000 tCO2e each)",Spectra Energy Transmission,25784,-25763,21,-21,0,-25784
"BC Aggregated Facilities (E < 10,000 tCO2e each)",Spectra Energy Transmission,25784,-25723,61,-61,0,-25784
"BC Aggregated Facilities (E < 10,000 tCO2e each)",Spectra Energy Transmission,25784,-25384,400,-400,0,-25784
"BC Aggregated Facilities (E < 10,000 tCO2e each)",Spectra Energy Transmission,25784,-24781,1003,-1003,0,-25784
"BC Aggregated Facilities (E < 10,000 tCO2e each)",Spectra Energy Transmission,25784,-24296,1488,-1488,0,-25784
"BC Aggregated Facilities (E < 10,000 tCO2e each)",Spectra Energy Transmission,25784,-24265,1519,-1519,0,-25784
"BC Aggregated Facilities (E < 10,000 tCO2e each)",Spectra Energy Transmission,25784,-23700,2084,-2084,0,-25784
"BC Aggregated Facilities (E < 10,000 tCO2e each)",Spectra Energy Transmission,25784,-23299,2485,-2485,0,-25784
"BC Aggregated Facilities (E < 10,000 tCO2e each)",Spectra Energy Transmission,25784,-22384,3400,-3400,0,-25784
"BC Aggregated Facilities (E < 10,000 tCO2e each)",Spectra Energy Transmission,25784,-20979,4805,-4805,0,-25784
"BC Aggregated Facilities (E < 10,000 tCO2e each)",Spectra Energy Transmission,25784,-19466,6318,-6318,0,-25784
"BC Aggregated Facilities (E < 10,000 tCO2e each)",Spectra Energy Transmission,25784,-18645,7139,-7139,0,-25784
"BC Aggregated Facilities (E < 10,000 tCO2e each)",Spectra Energy Transmission,25784,-18558,7226,-7226,0,-25784
"BC Aggregated Facilities (E < 10,000 tCO2e each)",Spectra Energy Transmission,25784,-17643,8141,-8141,0,-25784
"BC Aggregated Facilities (E < 10,000 tCO2e each)",Spectra Energy Transmission,25784,-17368,8416,-8416,0,-25784
"BC Aggregated Facilities (E < 10,000 tCO2e each)",Spectra Energy Transmission,25784,-15879,9905,-9905,0,-25784
"BC Aggregated Facilities (E < 10,000 tCO2e each)",Spectra Energy Transmission,25784,-13085,12699,-12699,0,-25784
"BC Aggregated Facilities (E < 10,000 tCO2e each)",Spectra Energy Transmission,25784,-11803,13981,-13981,0,-25784
"BC Aggregated Facilities (E < 10,000 tCO2e each)",Spectra Energy Transmission,25784,-11478,14306,-14306,0,-25784
"BC Aggregated Facilities (E < 10,000 tCO2e each)",Spectra Energy Transmission,25784,-11377,14407,-14407,0,-25784
"BC Aggregated Facilities (E < 10,000 tCO2e each)",Spectra Energy Transmission,25784,-10902,14882,-14882,0,-25784
"BC Aggregated Facilities (E < 10,000 tCO2e each)",Penn West Petroleum,26418,96349,122767,-122767,0,-26418
"BC Aggregated Facilities (E < 10,000 tCO2e each)",Penn West Petroleum,26418,87232,113650,-113650,0,-26418
"BC Aggregated Facilities (E < 10,000 tCO2e each)",Penn West Petroleum,26418,8166,34584,-34584,0,-26418
"BC Aggregated Facilities (E < 10,000 tCO2e each)",Penn West Petroleum,26418,8107,34525,-34525,0,-26418
"BC Aggregated Facilities (E < 10,000 tCO2e each)",Penn West Petroleum,26418,7220,33638,-33638,0,-26418
"BC Aggregated Facilities (E < 10,000 tCO2e each)",Penn West Petroleum,26418,4551,30969,-30969,0,-26418
"BC Aggregated Facilities (E < 10,000 tCO2e each)",Penn West Petroleum,26418,43932,70350,-70350,0,-26418
"BC Aggregated Facilities (E < 10,000 tCO2e each)",Penn West Petroleum,26418,371661,398079,-398079,0,-26418
"BC Aggregated Facilities (E < 10,000 tCO2e each)",Penn West Petroleum,26418,32355,58773,-58773,0,-26418
"BC Aggregated Facilities (E < 10,000 tCO2e each)",Penn West Petroleum,26418,2255,28673,-28673,0,-26418
"BC Aggregated Facilities (E < 10,000 tCO2e each)",Penn West Petroleum,26418,167044,193462,-193462,0,-26418
"BC Aggregated Facilities (E < 10,000 tCO2e each)",Penn West Petroleum,26418,1561,27979,-27979,0,-26418
"BC Aggregated Facilities (E < 10,000 tCO2e each)",Penn West Petroleum,26418,14618,41036,-41036,0,-26418
"BC Aggregated Facilities (E < 10,000 tCO2e each)",Penn West Petroleum,26418,125,26543,-26543,0,-26418
"BC Aggregated Facilities (E < 10,000 tCO2e each)",Penn West Petroleum,26418,#VALUE!, -   ,#VALUE!,0,-26418
"BC Aggregated Facilities (E < 10,000 tCO2e each)",Penn West Petroleum,26418,#VALUE!, -   ,#VALUE!,0,-26418
"BC Aggregated Facilities (E < 10,000 tCO2e each)",Penn West Petroleum,26418,#VALUE!, -   ,#VALUE!,0,-26418
"BC Aggregated Facilities (E < 10,000 tCO2e each)",Penn West Petroleum,26418,#VALUE!, -   ,#VALUE!,0,-26418
"BC Aggregated Facilities (E < 10,000 tCO2e each)",Penn West Petroleum,26418,-94,26324,-26324,0,-26418
"BC Aggregated Facilities (E < 10,000 tCO2e each)",Penn West Petroleum,26418,-8791,17627,-17627,0,-26418
"BC Aggregated Facilities (E < 10,000 tCO2e each)",Penn West Petroleum,26418,-8554,17864,-17864,0,-26418
"BC Aggregated Facilities (E < 10,000 tCO2e each)",Penn West Petroleum,26418,-6616,19802,-19802,0,-26418
"BC Aggregated Facilities (E < 10,000 tCO2e each)",Penn West Petroleum,26418,-26397,21,-21,0,-26418
"BC Aggregated Facilities (E < 10,000 tCO2e each)",Penn West Petroleum,26418,-26357,61,-61,0,-26418
"BC Aggregated Facilities (E < 10,000 tCO2e each)",Penn West Petroleum,26418,-26018,400,-400,0,-26418
"BC Aggregated Facilities (E < 10,000 tCO2e each)",Penn West Petroleum,26418,-25415,1003,-1003,0,-26418
"BC Aggregated Facilities (E < 10,000 tCO2e each)",Penn West Petroleum,26418,-24930,1488,-1488,0,-26418
"BC Aggregated Facilities (E < 10,000 tCO2e each)",Penn West Petroleum,26418,-24899,1519,-1519,0,-26418
"BC Aggregated Facilities (E < 10,000 tCO2e each)",Penn West Petroleum,26418,-24334,2084,-2084,0,-26418
"BC Aggregated Facilities (E < 10,000 tCO2e each)",Penn West Petroleum,26418,-23933,2485,-2485,0,-26418
"BC Aggregated Facilities (E < 10,000 tCO2e each)",Penn West Petroleum,26418,-23018,3400,-3400,0,-26418
"BC Aggregated Facilities (E < 10,000 tCO2e each)",Penn West Petroleum,26418,-21613,4805,-4805,0,-26418
"BC Aggregated Facilities (E < 10,000 tCO2e each)",Penn West Petroleum,26418,-20100,6318,-6318,0,-26418
"BC Aggregated Facilities (E < 10,000 tCO2e each)",Penn West Petroleum,26418,-19279,7139,-7139,0,-26418
"BC Aggregated Facilities (E < 10,000 tCO2e each)",Penn West Petroleum,26418,-19192,7226,-7226,0,-26418
"BC Aggregated Facilities (E < 10,000 tCO2e each)",Penn West Petroleum,26418,-18277,8141,-8141,0,-26418
"BC Aggregated Facilities (E < 10,000 tCO2e each)",Penn West Petroleum,26418,-18002,8416,-8416,0,-26418
"BC Aggregated Facilities (E < 10,000 tCO2e each)",Penn West Petroleum,26418,-16513,9905,-9905,0,-26418
"BC Aggregated Facilities (E < 10,000 tCO2e each)",Penn West Petroleum,26418,-13719,12699,-12699,0,-26418
"BC Aggregated Facilities (E < 10,000 tCO2e each)",Penn West Petroleum,26418,-12437,13981,-13981,0,-26418
"BC Aggregated Facilities (E < 10,000 tCO2e each)",Penn West Petroleum,26418,-12112,14306,-14306,0,-26418
"BC Aggregated Facilities (E < 10,000 tCO2e each)",Penn West Petroleum,26418,-12011,14407,-14407,0,-26418
"BC Aggregated Facilities (E < 10,000 tCO2e each)",Penn West Petroleum,26418,-11536,14882,-14882,0,-26418
ANG Elko Facility,TransCanada PipeLines Ltd.,26709,-17848,8861,-8861,0,-26709
"BC Aggregated Facilities (E < 10,000 tCO2e each)",Pengrowth Energy Corporation,27224,95543,122767,-122767,0,-27224
"BC Aggregated Facilities (E < 10,000 tCO2e each)",Pengrowth Energy Corporation,27224,86426,113650,-113650,0,-27224
"BC Aggregated Facilities (E < 10,000 tCO2e each)",Pengrowth Energy Corporation,27224,755,27979,-27979,0,-27224
"BC Aggregated Facilities (E < 10,000 tCO2e each)",Pengrowth Energy Corporation,27224,7360,34584,-34584,0,-27224
"BC Aggregated Facilities (E < 10,000 tCO2e each)",Pengrowth Energy Corporation,27224,7301,34525,-34525,0,-27224
"BC Aggregated Facilities (E < 10,000 tCO2e each)",Pengrowth Energy Corporation,27224,6414,33638,-33638,0,-27224
"BC Aggregated Facilities (E < 10,000 tCO2e each)",Pengrowth Energy Corporation,27224,43126,70350,-70350,0,-27224
"BC Aggregated Facilities (E < 10,000 tCO2e each)",Pengrowth Energy Corporation,27224,3745,30969,-30969,0,-27224
"BC Aggregated Facilities (E < 10,000 tCO2e each)",Pengrowth Energy Corporation,27224,370855,398079,-398079,0,-27224
"BC Aggregated Facilities (E < 10,000 tCO2e each)",Pengrowth Energy Corporation,27224,31549,58773,-58773,0,-27224
"BC Aggregated Facilities (E < 10,000 tCO2e each)",Pengrowth Energy Corporation,27224,166238,193462,-193462,0,-27224
"BC Aggregated Facilities (E < 10,000 tCO2e each)",Pengrowth Energy Corporation,27224,1449,28673,-28673,0,-27224
"BC Aggregated Facilities (E < 10,000 tCO2e each)",Pengrowth Energy Corporation,27224,13812,41036,-41036,0,-27224
"BC Aggregated Facilities (E < 10,000 tCO2e each)",Pengrowth Energy Corporation,27224,#VALUE!, -   ,#VALUE!,0,-27224
"BC Aggregated Facilities (E < 10,000 tCO2e each)",Pengrowth Energy Corporation,27224,#VALUE!, -   ,#VALUE!,0,-27224
"BC Aggregated Facilities (E < 10,000 tCO2e each)",Pengrowth Energy Corporation,27224,#VALUE!, -   ,#VALUE!,0,-27224
"BC Aggregated Facilities (E < 10,000 tCO2e each)",Pengrowth Energy Corporation,27224,#VALUE!, -   ,#VALUE!,0,-27224
"BC Aggregated Facilities (E < 10,000 tCO2e each)",Pengrowth Energy Corporation,27224,-9597,17627,-17627,0,-27224
"BC Aggregated Facilities (E < 10,000 tCO2e each)",Pengrowth Energy Corporation,27224,-9360,17864,-17864,0,-27224
"BC Aggregated Facilities (E < 10,000 tCO2e each)",Pengrowth Energy Corporation,27224,-900,26324,-26324,0,-27224
"BC Aggregated Facilities (E < 10,000 tCO2e each)",Pengrowth Energy Corporation,27224,-7422,19802,-19802,0,-27224
"BC Aggregated Facilities (E < 10,000 tCO2e each)",Pengrowth Energy Corporation,27224,-681,26543,-26543,0,-27224
"BC Aggregated Facilities (E < 10,000 tCO2e each)",Pengrowth Energy Corporation,27224,-27203,21,-21,0,-27224
"BC Aggregated Facilities (E < 10,000 tCO2e each)",Pengrowth Energy Corporation,27224,-27163,61,-61,0,-27224
"BC Aggregated Facilities (E < 10,000 tCO2e each)",Pengrowth Energy Corporation,27224,-26824,400,-400,0,-27224
"BC Aggregated Facilities (E < 10,000 tCO2e each)",Pengrowth Energy Corporation,27224,-26221,1003,-1003,0,-27224
"BC Aggregated Facilities (E < 10,000 tCO2e each)",Pengrowth Energy Corporation,27224,-25736,1488,-1488,0,-27224
"BC Aggregated Facilities (E < 10,000 tCO2e each)",Pengrowth Energy Corporation,27224,-25705,1519,-1519,0,-27224
"BC Aggregated Facilities (E < 10,000 tCO2e each)",Pengrowth Energy Corporation,27224,-25140,2084,-2084,0,-27224
"BC Aggregated Facilities (E < 10,000 tCO2e each)",Pengrowth Energy Corporation,27224,-24739,2485,-2485,0,-27224
"BC Aggregated Facilities (E < 10,000 tCO2e each)",Pengrowth Energy Corporation,27224,-23824,3400,-3400,0,-27224
"BC Aggregated Facilities (E < 10,000 tCO2e each)",Pengrowth Energy Corporation,27224,-22419,4805,-4805,0,-27224
"BC Aggregated Facilities (E < 10,000 tCO2e each)",Pengrowth Energy Corporation,27224,-20906,6318,-6318,0,-27224
"BC Aggregated Facilities (E < 10,000 tCO2e each)",Pengrowth Energy Corporation,27224,-20085,7139,-7139,0,-27224
"BC Aggregated Facilities (E < 10,000 tCO2e each)",Pengrowth Energy Corporation,27224,-19998,7226,-7226,0,-27224
"BC Aggregated Facilities (E < 10,000 tCO2e each)",Pengrowth Energy Corporation,27224,-19083,8141,-8141,0,-27224
"BC Aggregated Facilities (E < 10,000 tCO2e each)",Pengrowth Energy Corporation,27224,-18808,8416,-8416,0,-27224
"BC Aggregated Facilities (E < 10,000 tCO2e each)",Pengrowth Energy Corporation,27224,-17319,9905,-9905,0,-27224
"BC Aggregated Facilities (E < 10,000 tCO2e each)",Pengrowth Energy Corporation,27224,-14525,12699,-12699,0,-27224
"BC Aggregated Facilities (E < 10,000 tCO2e each)",Pengrowth Energy Corporation,27224,-13243,13981,-13981,0,-27224
"BC Aggregated Facilities (E < 10,000 tCO2e each)",Pengrowth Energy Corporation,27224,-12918,14306,-14306,0,-27224
"BC Aggregated Facilities (E < 10,000 tCO2e each)",Pengrowth Energy Corporation,27224,-12817,14407,-14407,0,-27224
"BC Aggregated Facilities (E < 10,000 tCO2e each)",Pengrowth Energy Corporation,27224,-12342,14882,-14882,0,-27224
"BC Aggregated Facilities (E < 10,000 tCO2e each)",EOG Resources Canada Inc.,27620,95147,122767,-122767,0,-27620
"BC Aggregated Facilities (E < 10,000 tCO2e each)",EOG Resources Canada Inc.,27620,86030,113650,-113650,0,-27620
"BC Aggregated Facilities (E < 10,000 tCO2e each)",EOG Resources Canada Inc.,27620,6964,34584,-34584,0,-27620
"BC Aggregated Facilities (E < 10,000 tCO2e each)",EOG Resources Canada Inc.,27620,6905,34525,-34525,0,-27620
"BC Aggregated Facilities (E < 10,000 tCO2e each)",EOG Resources Canada Inc.,27620,6018,33638,-33638,0,-27620
"BC Aggregated Facilities (E < 10,000 tCO2e each)",EOG Resources Canada Inc.,27620,42730,70350,-70350,0,-27620
"BC Aggregated Facilities (E < 10,000 tCO2e each)",EOG Resources Canada Inc.,27620,370459,398079,-398079,0,-27620
"BC Aggregated Facilities (E < 10,000 tCO2e each)",EOG Resources Canada Inc.,27620,359,27979,-27979,0,-27620
"BC Aggregated Facilities (E < 10,000 tCO2e each)",EOG Resources Canada Inc.,27620,3349,30969,-30969,0,-27620
"BC Aggregated Facilities (E < 10,000 tCO2e each)",EOG Resources Canada Inc.,27620,31153,58773,-58773,0,-27620
"BC Aggregated Facilities (E < 10,000 tCO2e each)",EOG Resources Canada Inc.,27620,165842,193462,-193462,0,-27620
"BC Aggregated Facilities (E < 10,000 tCO2e each)",EOG Resources Canada Inc.,27620,13416,41036,-41036,0,-27620
"BC Aggregated Facilities (E < 10,000 tCO2e each)",EOG Resources Canada Inc.,27620,1053,28673,-28673,0,-27620
"BC Aggregated Facilities (E < 10,000 tCO2e each)",EOG Resources Canada Inc.,27620,#VALUE!, -   ,#VALUE!,0,-27620
"BC Aggregated Facilities (E < 10,000 tCO2e each)",EOG Resources Canada Inc.,27620,#VALUE!, -   ,#VALUE!,0,-27620
"BC Aggregated Facilities (E < 10,000 tCO2e each)",EOG Resources Canada Inc.,27620,#VALUE!, -   ,#VALUE!,0,-27620
"BC Aggregated Facilities (E < 10,000 tCO2e each)",EOG Resources Canada Inc.,27620,#VALUE!, -   ,#VALUE!,0,-27620
"BC Aggregated Facilities (E < 10,000 tCO2e each)",EOG Resources Canada Inc.,27620,-9993,17627,-17627,0,-27620
"BC Aggregated Facilities (E < 10,000 tCO2e each)",EOG Resources Canada Inc.,27620,-9756,17864,-17864,0,-27620
"BC Aggregated Facilities (E < 10,000 tCO2e each)",EOG Resources Canada Inc.,27620,-7818,19802,-19802,0,-27620
"BC Aggregated Facilities (E < 10,000 tCO2e each)",EOG Resources Canada Inc.,27620,-27599,21,-21,0,-27620
"BC Aggregated Facilities (E < 10,000 tCO2e each)",EOG Resources Canada Inc.,27620,-27559,61,-61,0,-27620
"BC Aggregated Facilities (E < 10,000 tCO2e each)",EOG Resources Canada Inc.,27620,-27220,400,-400,0,-27620
"BC Aggregated Facilities (E < 10,000 tCO2e each)",EOG Resources Canada Inc.,27620,-26617,1003,-1003,0,-27620
"BC Aggregated Facilities (E < 10,000 tCO2e each)",EOG Resources Canada Inc.,27620,-26132,1488,-1488,0,-27620
"BC Aggregated Facilities (E < 10,000 tCO2e each)",EOG Resources Canada Inc.,27620,-26101,1519,-1519,0,-27620
"BC Aggregated Facilities (E < 10,000 tCO2e each)",EOG Resources Canada Inc.,27620,-25536,2084,-2084,0,-27620
"BC Aggregated Facilities (E < 10,000 tCO2e each)",EOG Resources Canada Inc.,27620,-25135,2485,-2485,0,-27620
"BC Aggregated Facilities (E < 10,000 tCO2e each)",EOG Resources Canada Inc.,27620,-24220,3400,-3400,0,-27620
"BC Aggregated Facilities (E < 10,000 tCO2e each)",EOG Resources Canada Inc.,27620,-22815,4805,-4805,0,-27620
"BC Aggregated Facilities (E < 10,000 tCO2e each)",EOG Resources Canada Inc.,27620,-21302,6318,-6318,0,-27620
"BC Aggregated Facilities (E < 10,000 tCO2e each)",EOG Resources Canada Inc.,27620,-20481,7139,-7139,0,-27620
"BC Aggregated Facilities (E < 10,000 tCO2e each)",EOG Resources Canada Inc.,27620,-20394,7226,-7226,0,-27620
"BC Aggregated Facilities (E < 10,000 tCO2e each)",EOG Resources Canada Inc.,27620,-19479,8141,-8141,0,-27620
"BC Aggregated Facilities (E < 10,000 tCO2e each)",EOG Resources Canada Inc.,27620,-19204,8416,-8416,0,-27620
"BC Aggregated Facilities (E < 10,000 tCO2e each)",EOG Resources Canada Inc.,27620,-17715,9905,-9905,0,-27620
"BC Aggregated Facilities (E < 10,000 tCO2e each)",EOG Resources Canada Inc.,27620,-14921,12699,-12699,0,-27620
"BC Aggregated Facilities (E < 10,000 tCO2e each)",EOG Resources Canada Inc.,27620,-13639,13981,-13981,0,-27620
"BC Aggregated Facilities (E < 10,000 tCO2e each)",EOG Resources Canada Inc.,27620,-13314,14306,-14306,0,-27620
"BC Aggregated Facilities (E < 10,000 tCO2e each)",EOG Resources Canada Inc.,27620,-13213,14407,-14407,0,-27620
"BC Aggregated Facilities (E < 10,000 tCO2e each)",EOG Resources Canada Inc.,27620,-1296,26324,-26324,0,-27620
"BC Aggregated Facilities (E < 10,000 tCO2e each)",EOG Resources Canada Inc.,27620,-12738,14882,-14882,0,-27620
"BC Aggregated Facilities (E < 10,000 tCO2e each)",EOG Resources Canada Inc.,27620,-1077,26543,-26543,0,-27620
Gunnell Comp Stn B-023-F,EnCana Corporation,44461,-13803,30658,-14018,16640,-27821
Yoyo Battery (D-8-L/94-I-14),Suncor Energy Inc.,29648,-29648,0,0,0,-29648
Horn River Drillings and Completions,Apache Canada Ltd.,29662,-18810,10852,-10852,0,-29662
Dawson Sour Gas Plant 05-35,ARC Resources,41215,-27709,13506,-2824,10682,-30533
"BC Aggregated Facilities (E < 10,000 tCO2e each)",Terra Energy Corporation,30680,92087,122767,-122767,0,-30680
"BC Aggregated Facilities (E < 10,000 tCO2e each)",Terra Energy Corporation,30680,82970,113650,-113650,0,-30680
"BC Aggregated Facilities (E < 10,000 tCO2e each)",Terra Energy Corporation,30680,39670,70350,-70350,0,-30680
"BC Aggregated Facilities (E < 10,000 tCO2e each)",Terra Energy Corporation,30680,3904,34584,-34584,0,-30680
"BC Aggregated Facilities (E < 10,000 tCO2e each)",Terra Energy Corporation,30680,3845,34525,-34525,0,-30680
"BC Aggregated Facilities (E < 10,000 tCO2e each)",Terra Energy Corporation,30680,367399,398079,-398079,0,-30680
"BC Aggregated Facilities (E < 10,000 tCO2e each)",Terra Energy Corporation,30680,2958,33638,-33638,0,-30680
"BC Aggregated Facilities (E < 10,000 tCO2e each)",Terra Energy Corporation,30680,289,30969,-30969,0,-30680
"BC Aggregated Facilities (E < 10,000 tCO2e each)",Terra Energy Corporation,30680,28093,58773,-58773,0,-30680
"BC Aggregated Facilities (E < 10,000 tCO2e each)",Terra Energy Corporation,30680,162782,193462,-193462,0,-30680
"BC Aggregated Facilities (E < 10,000 tCO2e each)",Terra Energy Corporation,30680,10356,41036,-41036,0,-30680
"BC Aggregated Facilities (E < 10,000 tCO2e each)",Terra Energy Corporation,30680,#VALUE!, -   ,#VALUE!,0,-30680
"BC Aggregated Facilities (E < 10,000 tCO2e each)",Terra Energy Corporation,30680,#VALUE!, -   ,#VALUE!,0,-30680
"BC Aggregated Facilities (E < 10,000 tCO2e each)",Terra Energy Corporation,30680,#VALUE!, -   ,#VALUE!,0,-30680
"BC Aggregated Facilities (E < 10,000 tCO2e each)",Terra Energy Corporation,30680,#VALUE!, -   ,#VALUE!,0,-30680
"BC Aggregated Facilities (E < 10,000 tCO2e each)",Terra Energy Corporation,30680,-4356,26324,-26324,0,-30680
"BC Aggregated Facilities (E < 10,000 tCO2e each)",Terra Energy Corporation,30680,-4137,26543,-26543,0,-30680
"BC Aggregated Facilities (E < 10,000 tCO2e each)",Terra Energy Corporation,30680,-30659,21,-21,0,-30680
"BC Aggregated Facilities (E < 10,000 tCO2e each)",Terra Energy Corporation,30680,-30619,61,-61,0,-30680
"BC Aggregated Facilities (E < 10,000 tCO2e each)",Terra Energy Corporation,30680,-30280,400,-400,0,-30680
"BC Aggregated Facilities (E < 10,000 tCO2e each)",Terra Energy Corporation,30680,-29677,1003,-1003,0,-30680
"BC Aggregated Facilities (E < 10,000 tCO2e each)",Terra Energy Corporation,30680,-29192,1488,-1488,0,-30680
"BC Aggregated Facilities (E < 10,000 tCO2e each)",Terra Energy Corporation,30680,-29161,1519,-1519,0,-30680
"BC Aggregated Facilities (E < 10,000 tCO2e each)",Terra Energy Corporation,30680,-28596,2084,-2084,0,-30680
"BC Aggregated Facilities (E < 10,000 tCO2e each)",Terra Energy Corporation,30680,-28195,2485,-2485,0,-30680
"BC Aggregated Facilities (E < 10,000 tCO2e each)",Terra Energy Corporation,30680,-27280,3400,-3400,0,-30680
"BC Aggregated Facilities (E < 10,000 tCO2e each)",Terra Energy Corporation,30680,-2701,27979,-27979,0,-30680
"BC Aggregated Facilities (E < 10,000 tCO2e each)",Terra Energy Corporation,30680,-25875,4805,-4805,0,-30680
"BC Aggregated Facilities (E < 10,000 tCO2e each)",Terra Energy Corporation,30680,-24362,6318,-6318,0,-30680
"BC Aggregated Facilities (E < 10,000 tCO2e each)",Terra Energy Corporation,30680,-23541,7139,-7139,0,-30680
"BC Aggregated Facilities (E < 10,000 tCO2e each)",Terra Energy Corporation,30680,-23454,7226,-7226,0,-30680
"BC Aggregated Facilities (E < 10,000 tCO2e each)",Terra Energy Corporation,30680,-22539,8141,-8141,0,-30680
"BC Aggregated Facilities (E < 10,000 tCO2e each)",Terra Energy Corporation,30680,-22264,8416,-8416,0,-30680
"BC Aggregated Facilities (E < 10,000 tCO2e each)",Terra Energy Corporation,30680,-20775,9905,-9905,0,-30680
"BC Aggregated Facilities (E < 10,000 tCO2e each)",Terra Energy Corporation,30680,-2007,28673,-28673,0,-30680
"BC Aggregated Facilities (E < 10,000 tCO2e each)",Terra Energy Corporation,30680,-17981,12699,-12699,0,-30680
"BC Aggregated Facilities (E < 10,000 tCO2e each)",Terra Energy Corporation,30680,-16699,13981,-13981,0,-30680
"BC Aggregated Facilities (E < 10,000 tCO2e each)",Terra Energy Corporation,30680,-16374,14306,-14306,0,-30680
"BC Aggregated Facilities (E < 10,000 tCO2e each)",Terra Energy Corporation,30680,-16273,14407,-14407,0,-30680
"BC Aggregated Facilities (E < 10,000 tCO2e each)",Terra Energy Corporation,30680,-15798,14882,-14882,0,-30680
"BC Aggregated Facilities (E < 10,000 tCO2e each)",Terra Energy Corporation,30680,-13053,17627,-17627,0,-30680
"BC Aggregated Facilities (E < 10,000 tCO2e each)",Terra Energy Corporation,30680,-12816,17864,-17864,0,-30680
"BC Aggregated Facilities (E < 10,000 tCO2e each)",Terra Energy Corporation,30680,-10878,19802,-19802,0,-30680
Fort Nelson Generating Station,British Columbia Hydro and Power Authority,160556,-39279,121277,7002,128279,-32277
BC Linear Facilities Operation (LFO),Aitken Creek Gas Storage ULC,32860,-32860,0,0,0,-32860
"BC Aggregated Facilities (E < 10,000 tCO2e each)",Suncor Energy Inc.,37046,85721,122767,-122767,0,-37046
"BC Aggregated Facilities (E < 10,000 tCO2e each)",Suncor Energy Inc.,37046,76604,113650,-113650,0,-37046
"BC Aggregated Facilities (E < 10,000 tCO2e each)",Suncor Energy Inc.,37046,3990,41036,-41036,0,-37046
"BC Aggregated Facilities (E < 10,000 tCO2e each)",Suncor Energy Inc.,37046,361033,398079,-398079,0,-37046
"BC Aggregated Facilities (E < 10,000 tCO2e each)",Suncor Energy Inc.,37046,33304,70350,-70350,0,-37046
"BC Aggregated Facilities (E < 10,000 tCO2e each)",Suncor Energy Inc.,37046,21727,58773,-58773,0,-37046
"BC Aggregated Facilities (E < 10,000 tCO2e each)",Suncor Energy Inc.,37046,156416,193462,-193462,0,-37046
"BC Aggregated Facilities (E < 10,000 tCO2e each)",Suncor Energy Inc.,37046,#VALUE!, -   ,#VALUE!,0,-37046
"BC Aggregated Facilities (E < 10,000 tCO2e each)",Suncor Energy Inc.,37046,#VALUE!, -   ,#VALUE!,0,-37046
"BC Aggregated Facilities (E < 10,000 tCO2e each)",Suncor Energy Inc.,37046,#VALUE!, -   ,#VALUE!,0,-37046
"BC Aggregated Facilities (E < 10,000 tCO2e each)",Suncor Energy Inc.,37046,#VALUE!, -   ,#VALUE!,0,-37046
"BC Aggregated Facilities (E < 10,000 tCO2e each)",Suncor Energy Inc.,37046,-9067,27979,-27979,0,-37046
"BC Aggregated Facilities (E < 10,000 tCO2e each)",Suncor Energy Inc.,37046,-8373,28673,-28673,0,-37046
"BC Aggregated Facilities (E < 10,000 tCO2e each)",Suncor Energy Inc.,37046,-6077,30969,-30969,0,-37046
"BC Aggregated Facilities (E < 10,000 tCO2e each)",Suncor Energy Inc.,37046,-37025,21,-21,0,-37046
"BC Aggregated Facilities (E < 10,000 tCO2e each)",Suncor Energy Inc.,37046,-36985,61,-61,0,-37046
"BC Aggregated Facilities (E < 10,000 tCO2e each)",Suncor Energy Inc.,37046,-36646,400,-400,0,-37046
"BC Aggregated Facilities (E < 10,000 tCO2e each)",Suncor Energy Inc.,37046,-36043,1003,-1003,0,-37046
"BC Aggregated Facilities (E < 10,000 tCO2e each)",Suncor Energy Inc.,37046,-35558,1488,-1488,0,-37046
"BC Aggregated Facilities (E < 10,000 tCO2e each)",Suncor Energy Inc.,37046,-35527,1519,-1519,0,-37046
"BC Aggregated Facilities (E < 10,000 tCO2e each)",Suncor Energy Inc.,37046,-34962,2084,-2084,0,-37046
"BC Aggregated Facilities (E < 10,000 tCO2e each)",Suncor Energy Inc.,37046,-34561,2485,-2485,0,-37046
"BC Aggregated Facilities (E < 10,000 tCO2e each)",Suncor Energy Inc.,37046,-3408,33638,-33638,0,-37046
"BC Aggregated Facilities (E < 10,000 tCO2e each)",Suncor Energy Inc.,37046,-33646,3400,-3400,0,-37046
"BC Aggregated Facilities (E < 10,000 tCO2e each)",Suncor Energy Inc.,37046,-32241,4805,-4805,0,-37046
"BC Aggregated Facilities (E < 10,000 tCO2e each)",Suncor Energy Inc.,37046,-30728,6318,-6318,0,-37046
"BC Aggregated Facilities (E < 10,000 tCO2e each)",Suncor Energy Inc.,37046,-29907,7139,-7139,0,-37046
"BC Aggregated Facilities (E < 10,000 tCO2e each)",Suncor Energy Inc.,37046,-29820,7226,-7226,0,-37046
"BC Aggregated Facilities (E < 10,000 tCO2e each)",Suncor Energy Inc.,37046,-28905,8141,-8141,0,-37046
"BC Aggregated Facilities (E < 10,000 tCO2e each)",Suncor Energy Inc.,37046,-28630,8416,-8416,0,-37046
"BC Aggregated Facilities (E < 10,000 tCO2e each)",Suncor Energy Inc.,37046,-27141,9905,-9905,0,-37046
"BC Aggregated Facilities (E < 10,000 tCO2e each)",Suncor Energy Inc.,37046,-2521,34525,-34525,0,-37046
"BC Aggregated Facilities (E < 10,000 tCO2e each)",Suncor Energy Inc.,37046,-2462,34584,-34584,0,-37046
"BC Aggregated Facilities (E < 10,000 tCO2e each)",Suncor Energy Inc.,37046,-24347,12699,-12699,0,-37046
"BC Aggregated Facilities (E < 10,000 tCO2e each)",Suncor Energy Inc.,37046,-23065,13981,-13981,0,-37046
"BC Aggregated Facilities (E < 10,000 tCO2e each)",Suncor Energy Inc.,37046,-22740,14306,-14306,0,-37046
"BC Aggregated Facilities (E < 10,000 tCO2e each)",Suncor Energy Inc.,37046,-22639,14407,-14407,0,-37046
"BC Aggregated Facilities (E < 10,000 tCO2e each)",Suncor Energy Inc.,37046,-22164,14882,-14882,0,-37046
"BC Aggregated Facilities (E < 10,000 tCO2e each)",Suncor Energy Inc.,37046,-19419,17627,-17627,0,-37046
"BC Aggregated Facilities (E < 10,000 tCO2e each)",Suncor Energy Inc.,37046,-19182,17864,-17864,0,-37046
"BC Aggregated Facilities (E < 10,000 tCO2e each)",Suncor Energy Inc.,37046,-17244,19802,-19802,0,-37046
"BC Aggregated Facilities (E < 10,000 tCO2e each)",Suncor Energy Inc.,37046,-10722,26324,-26324,0,-37046
"BC Aggregated Facilities (E < 10,000 tCO2e each)",Suncor Energy Inc.,37046,-10503,26543,-26543,0,-37046
BC Linear Facilities Operation (LFO),Keyera Corp.,44621,-44621,0,0,0,-44621
"BC Aggregated Facilities (E < 10,000 tCO2e each)",Bonavista Energy Corporation,45657,77110,122767,-122767,0,-45657
"BC Aggregated Facilities (E < 10,000 tCO2e each)",Bonavista Energy Corporation,45657,67993,113650,-113650,0,-45657
"BC Aggregated Facilities (E < 10,000 tCO2e each)",Bonavista Energy Corporation,45657,352422,398079,-398079,0,-45657
"BC Aggregated Facilities (E < 10,000 tCO2e each)",Bonavista Energy Corporation,45657,24693,70350,-70350,0,-45657
"BC Aggregated Facilities (E < 10,000 tCO2e each)",Bonavista Energy Corporation,45657,147805,193462,-193462,0,-45657
"BC Aggregated Facilities (E < 10,000 tCO2e each)",Bonavista Energy Corporation,45657,13116,58773,-58773,0,-45657
"BC Aggregated Facilities (E < 10,000 tCO2e each)",Bonavista Energy Corporation,45657,#VALUE!, -   ,#VALUE!,0,-45657
"BC Aggregated Facilities (E < 10,000 tCO2e each)",Bonavista Energy Corporation,45657,#VALUE!, -   ,#VALUE!,0,-45657
"BC Aggregated Facilities (E < 10,000 tCO2e each)",Bonavista Energy Corporation,45657,#VALUE!, -   ,#VALUE!,0,-45657
"BC Aggregated Facilities (E < 10,000 tCO2e each)",Bonavista Energy Corporation,45657,#VALUE!, -   ,#VALUE!,0,-45657
"BC Aggregated Facilities (E < 10,000 tCO2e each)",Bonavista Energy Corporation,45657,-4621,41036,-41036,0,-45657
"BC Aggregated Facilities (E < 10,000 tCO2e each)",Bonavista Energy Corporation,45657,-45636,21,-21,0,-45657
"BC Aggregated Facilities (E < 10,000 tCO2e each)",Bonavista Energy Corporation,45657,-45596,61,-61,0,-45657
"BC Aggregated Facilities (E < 10,000 tCO2e each)",Bonavista Energy Corporation,45657,-45257,400,-400,0,-45657
"BC Aggregated Facilities (E < 10,000 tCO2e each)",Bonavista Energy Corporation,45657,-44654,1003,-1003,0,-45657
"BC Aggregated Facilities (E < 10,000 tCO2e each)",Bonavista Energy Corporation,45657,-44169,1488,-1488,0,-45657
"BC Aggregated Facilities (E < 10,000 tCO2e each)",Bonavista Energy Corporation,45657,-44138,1519,-1519,0,-45657
"BC Aggregated Facilities (E < 10,000 tCO2e each)",Bonavista Energy Corporation,45657,-43573,2084,-2084,0,-45657
"BC Aggregated Facilities (E < 10,000 tCO2e each)",Bonavista Energy Corporation,45657,-43172,2485,-2485,0,-45657
"BC Aggregated Facilities (E < 10,000 tCO2e each)",Bonavista Energy Corporation,45657,-42257,3400,-3400,0,-45657
"BC Aggregated Facilities (E < 10,000 tCO2e each)",Bonavista Energy Corporation,45657,-40852,4805,-4805,0,-45657
"BC Aggregated Facilities (E < 10,000 tCO2e each)",Bonavista Energy Corporation,45657,-39339,6318,-6318,0,-45657
"BC Aggregated Facilities (E < 10,000 tCO2e each)",Bonavista Energy Corporation,45657,-38518,7139,-7139,0,-45657
"BC Aggregated Facilities (E < 10,000 tCO2e each)",Bonavista Energy Corporation,45657,-38431,7226,-7226,0,-45657
"BC Aggregated Facilities (E < 10,000 tCO2e each)",Bonavista Energy Corporation,45657,-37516,8141,-8141,0,-45657
"BC Aggregated Facilities (E < 10,000 tCO2e each)",Bonavista Energy Corporation,45657,-37241,8416,-8416,0,-45657
"BC Aggregated Facilities (E < 10,000 tCO2e each)",Bonavista Energy Corporation,45657,-35752,9905,-9905,0,-45657
"BC Aggregated Facilities (E < 10,000 tCO2e each)",Bonavista Energy Corporation,45657,-32958,12699,-12699,0,-45657
"BC Aggregated Facilities (E < 10,000 tCO2e each)",Bonavista Energy Corporation,45657,-31676,13981,-13981,0,-45657
"BC Aggregated Facilities (E < 10,000 tCO2e each)",Bonavista Energy Corporation,45657,-31351,14306,-14306,0,-45657
"BC Aggregated Facilities (E < 10,000 tCO2e each)",Bonavista Energy Corporation,45657,-31250,14407,-14407,0,-45657
"BC Aggregated Facilities (E < 10,000 tCO2e each)",Bonavista Energy Corporation,45657,-30775,14882,-14882,0,-45657
"BC Aggregated Facilities (E < 10,000 tCO2e each)",Bonavista Energy Corporation,45657,-28030,17627,-17627,0,-45657
"BC Aggregated Facilities (E < 10,000 tCO2e each)",Bonavista Energy Corporation,45657,-27793,17864,-17864,0,-45657
"BC Aggregated Facilities (E < 10,000 tCO2e each)",Bonavista Energy Corporation,45657,-25855,19802,-19802,0,-45657
"BC Aggregated Facilities (E < 10,000 tCO2e each)",Bonavista Energy Corporation,45657,-19333,26324,-26324,0,-45657
"BC Aggregated Facilities (E < 10,000 tCO2e each)",Bonavista Energy Corporation,45657,-19114,26543,-26543,0,-45657
"BC Aggregated Facilities (E < 10,000 tCO2e each)",Bonavista Energy Corporation,45657,-17678,27979,-27979,0,-45657
"BC Aggregated Facilities (E < 10,000 tCO2e each)",Bonavista Energy Corporation,45657,-16984,28673,-28673,0,-45657
"BC Aggregated Facilities (E < 10,000 tCO2e each)",Bonavista Energy Corporation,45657,-14688,30969,-30969,0,-45657
"BC Aggregated Facilities (E < 10,000 tCO2e each)",Bonavista Energy Corporation,45657,-12019,33638,-33638,0,-45657
"BC Aggregated Facilities (E < 10,000 tCO2e each)",Bonavista Energy Corporation,45657,-11132,34525,-34525,0,-45657
"BC Aggregated Facilities (E < 10,000 tCO2e each)",Bonavista Energy Corporation,45657,-11073,34584,-34584,0,-45657
Trail Operations,Teck Metals Ltd.,376967,-16535,360432,-29858,330574,-46393
Fording River Operations,Teck Coal Limited,143960,-58235,85725,4960,90685,-53275
ANG Moyie Facility,TransCanada PipeLines Ltd.,66259,-43827,22432,-22432,0,-66259
Sierra Dehy Plant (BC BT 0000301),ExxonMobil Canada Ltd.,66694,-66694,0,0,0,-66694
McMahon Cogen Plant,Spectra Energy Transmission,555830,-2834,552996,-65766,487230,-68600
Cariboo Pulp and Paper Facility,Cariboo Pulp and Paper Company,77967,-1300,76667,-76667,0,-77967
McMahon Gas Plant,Spectra Energy Transmission,138125,-84609,53516,550,54066,-84059
Central Heat Distribution Facility,Central Heat Distribution Limited,88706,11081,99787,-99787,0,-88706
Wildboy Gas Plant BCGP00002917,Penn West Petroleum,91212,3189,94401,-94401,0,-91212
"BC Aggregated Facilities (E < 10,000 tCO2e each)",Devon Canada Corporation,95725,97737,193462,-193462,0,-95725
"BC Aggregated Facilities (E < 10,000 tCO2e each)",Devon Canada Corporation,95725,302354,398079,-398079,0,-95725
"BC Aggregated Facilities (E < 10,000 tCO2e each)",Devon Canada Corporation,95725,27042,122767,-122767,0,-95725
"BC Aggregated Facilities (E < 10,000 tCO2e each)",Devon Canada Corporation,95725,17925,113650,-113650,0,-95725
"BC Aggregated Facilities (E < 10,000 tCO2e each)",Devon Canada Corporation,95725,#VALUE!, -   ,#VALUE!,0,-95725
"BC Aggregated Facilities (E < 10,000 tCO2e each)",Devon Canada Corporation,95725,#VALUE!, -   ,#VALUE!,0,-95725
"BC Aggregated Facilities (E < 10,000 tCO2e each)",Devon Canada Corporation,95725,#VALUE!, -   ,#VALUE!,0,-95725
"BC Aggregated Facilities (E < 10,000 tCO2e each)",Devon Canada Corporation,95725,#VALUE!, -   ,#VALUE!,0,-95725
"BC Aggregated Facilities (E < 10,000 tCO2e each)",Devon Canada Corporation,95725,-95704,21,-21,0,-95725
"BC Aggregated Facilities (E < 10,000 tCO2e each)",Devon Canada Corporation,95725,-95664,61,-61,0,-95725
"BC Aggregated Facilities (E < 10,000 tCO2e each)",Devon Canada Corporation,95725,-95325,400,-400,0,-95725
"BC Aggregated Facilities (E < 10,000 tCO2e each)",Devon Canada Corporation,95725,-94722,1003,-1003,0,-95725
"BC Aggregated Facilities (E < 10,000 tCO2e each)",Devon Canada Corporation,95725,-94237,1488,-1488,0,-95725
"BC Aggregated Facilities (E < 10,000 tCO2e each)",Devon Canada Corporation,95725,-94206,1519,-1519,0,-95725
"BC Aggregated Facilities (E < 10,000 tCO2e each)",Devon Canada Corporation,95725,-93641,2084,-2084,0,-95725
"BC Aggregated Facilities (E < 10,000 tCO2e each)",Devon Canada Corporation,95725,-93240,2485,-2485,0,-95725
"BC Aggregated Facilities (E < 10,000 tCO2e each)",Devon Canada Corporation,95725,-92325,3400,-3400,0,-95725
"BC Aggregated Facilities (E < 10,000 tCO2e each)",Devon Canada Corporation,95725,-90920,4805,-4805,0,-95725
"BC Aggregated Facilities (E < 10,000 tCO2e each)",Devon Canada Corporation,95725,-89407,6318,-6318,0,-95725
"BC Aggregated Facilities (E < 10,000 tCO2e each)",Devon Canada Corporation,95725,-88586,7139,-7139,0,-95725
"BC Aggregated Facilities (E < 10,000 tCO2e each)",Devon Canada Corporation,95725,-88499,7226,-7226,0,-95725
"BC Aggregated Facilities (E < 10,000 tCO2e each)",Devon Canada Corporation,95725,-87584,8141,-8141,0,-95725
"BC Aggregated Facilities (E < 10,000 tCO2e each)",Devon Canada Corporation,95725,-87309,8416,-8416,0,-95725
"BC Aggregated Facilities (E < 10,000 tCO2e each)",Devon Canada Corporation,95725,-85820,9905,-9905,0,-95725
"BC Aggregated Facilities (E < 10,000 tCO2e each)",Devon Canada Corporation,95725,-83026,12699,-12699,0,-95725
"BC Aggregated Facilities (E < 10,000 tCO2e each)",Devon Canada Corporation,95725,-81744,13981,-13981,0,-95725
"BC Aggregated Facilities (E < 10,000 tCO2e each)",Devon Canada Corporation,95725,-81419,14306,-14306,0,-95725
"BC Aggregated Facilities (E < 10,000 tCO2e each)",Devon Canada Corporation,95725,-81318,14407,-14407,0,-95725
"BC Aggregated Facilities (E < 10,000 tCO2e each)",Devon Canada Corporation,95725,-80843,14882,-14882,0,-95725
"BC Aggregated Facilities (E < 10,000 tCO2e each)",Devon Canada Corporation,95725,-78098,17627,-17627,0,-95725
"BC Aggregated Facilities (E < 10,000 tCO2e each)",Devon Canada Corporation,95725,-77861,17864,-17864,0,-95725
"BC Aggregated Facilities (E < 10,000 tCO2e each)",Devon Canada Corporation,95725,-75923,19802,-19802,0,-95725
"BC Aggregated Facilities (E < 10,000 tCO2e each)",Devon Canada Corporation,95725,-69401,26324,-26324,0,-95725
"BC Aggregated Facilities (E < 10,000 tCO2e each)",Devon Canada Corporation,95725,-69182,26543,-26543,0,-95725
"BC Aggregated Facilities (E < 10,000 tCO2e each)",Devon Canada Corporation,95725,-67746,27979,-27979,0,-95725
"BC Aggregated Facilities (E < 10,000 tCO2e each)",Devon Canada Corporation,95725,-67052,28673,-28673,0,-95725
"BC Aggregated Facilities (E < 10,000 tCO2e each)",Devon Canada Corporation,95725,-64756,30969,-30969,0,-95725
"BC Aggregated Facilities (E < 10,000 tCO2e each)",Devon Canada Corporation,95725,-62087,33638,-33638,0,-95725
"BC Aggregated Facilities (E < 10,000 tCO2e each)",Devon Canada Corporation,95725,-61200,34525,-34525,0,-95725
"BC Aggregated Facilities (E < 10,000 tCO2e each)",Devon Canada Corporation,95725,-61141,34584,-34584,0,-95725
"BC Aggregated Facilities (E < 10,000 tCO2e each)",Devon Canada Corporation,95725,-54689,41036,-41036,0,-95725
"BC Aggregated Facilities (E < 10,000 tCO2e each)",Devon Canada Corporation,95725,-36952,58773,-58773,0,-95725
"BC Aggregated Facilities (E < 10,000 tCO2e each)",Devon Canada Corporation,95725,-25375,70350,-70350,0,-95725
Kamloops Mill,Domtar Inc.,200584,-92880,107704,-5116,102588,-97996
"BC Aggregated Facilities (E < 10,000 tCO2e each)",Progress Energy Resources Corp.,120299,73163,193462,-193462,0,-120299
"BC Aggregated Facilities (E < 10,000 tCO2e each)",Progress Energy Resources Corp.,120299,277780,398079,-398079,0,-120299
"BC Aggregated Facilities (E < 10,000 tCO2e each)",Progress Energy Resources Corp.,120299,2468,122767,-122767,0,-120299
"BC Aggregated Facilities (E < 10,000 tCO2e each)",Progress Energy Resources Corp.,120299,#VALUE!, -   ,#VALUE!,0,-120299
"BC Aggregated Facilities (E < 10,000 tCO2e each)",Progress Energy Resources Corp.,120299,#VALUE!, -   ,#VALUE!,0,-120299
"BC Aggregated Facilities (E < 10,000 tCO2e each)",Progress Energy Resources Corp.,120299,#VALUE!, -   ,#VALUE!,0,-120299
"BC Aggregated Facilities (E < 10,000 tCO2e each)",Progress Energy Resources Corp.,120299,#VALUE!, -   ,#VALUE!,0,-120299
"BC Aggregated Facilities (E < 10,000 tCO2e each)",Progress Energy Resources Corp.,120299,-93975,26324,-26324,0,-120299
"BC Aggregated Facilities (E < 10,000 tCO2e each)",Progress Energy Resources Corp.,120299,-93756,26543,-26543,0,-120299
"BC Aggregated Facilities (E < 10,000 tCO2e each)",Progress Energy Resources Corp.,120299,-92320,27979,-27979,0,-120299
"BC Aggregated Facilities (E < 10,000 tCO2e each)",Progress Energy Resources Corp.,120299,-91626,28673,-28673,0,-120299
"BC Aggregated Facilities (E < 10,000 tCO2e each)",Progress Energy Resources Corp.,120299,-89330,30969,-30969,0,-120299
"BC Aggregated Facilities (E < 10,000 tCO2e each)",Progress Energy Resources Corp.,120299,-86661,33638,-33638,0,-120299
"BC Aggregated Facilities (E < 10,000 tCO2e each)",Progress Energy Resources Corp.,120299,-85774,34525,-34525,0,-120299
"BC Aggregated Facilities (E < 10,000 tCO2e each)",Progress Energy Resources Corp.,120299,-85715,34584,-34584,0,-120299
"BC Aggregated Facilities (E < 10,000 tCO2e each)",Progress Energy Resources Corp.,120299,-79263,41036,-41036,0,-120299
"BC Aggregated Facilities (E < 10,000 tCO2e each)",Progress Energy Resources Corp.,120299,-6649,113650,-113650,0,-120299
"BC Aggregated Facilities (E < 10,000 tCO2e each)",Progress Energy Resources Corp.,120299,-61526,58773,-58773,0,-120299
"BC Aggregated Facilities (E < 10,000 tCO2e each)",Progress Energy Resources Corp.,120299,-49949,70350,-70350,0,-120299
"BC Aggregated Facilities (E < 10,000 tCO2e each)",Progress Energy Resources Corp.,120299,-120278,21,-21,0,-120299
"BC Aggregated Facilities (E < 10,000 tCO2e each)",Progress Energy Resources Corp.,120299,-120238,61,-61,0,-120299
"BC Aggregated Facilities (E < 10,000 tCO2e each)",Progress Energy Resources Corp.,120299,-119899,400,-400,0,-120299
"BC Aggregated Facilities (E < 10,000 tCO2e each)",Progress Energy Resources Corp.,120299,-119296,1003,-1003,0,-120299
"BC Aggregated Facilities (E < 10,000 tCO2e each)",Progress Energy Resources Corp.,120299,-118811,1488,-1488,0,-120299
"BC Aggregated Facilities (E < 10,000 tCO2e each)",Progress Energy Resources Corp.,120299,-118780,1519,-1519,0,-120299
"BC Aggregated Facilities (E < 10,000 tCO2e each)",Progress Energy Resources Corp.,120299,-118215,2084,-2084,0,-120299
"BC Aggregated Facilities (E < 10,000 tCO2e each)",Progress Energy Resources Corp.,120299,-117814,2485,-2485,0,-120299
"BC Aggregated Facilities (E < 10,000 tCO2e each)",Progress Energy Resources Corp.,120299,-116899,3400,-3400,0,-120299
"BC Aggregated Facilities (E < 10,000 tCO2e each)",Progress Energy Resources Corp.,120299,-115494,4805,-4805,0,-120299
"BC Aggregated Facilities (E < 10,000 tCO2e each)",Progress Energy Resources Corp.,120299,-113981,6318,-6318,0,-120299
"BC Aggregated Facilities (E < 10,000 tCO2e each)",Progress Energy Resources Corp.,120299,-113160,7139,-7139,0,-120299
"BC Aggregated Facilities (E < 10,000 tCO2e each)",Progress Energy Resources Corp.,120299,-113073,7226,-7226,0,-120299
"BC Aggregated Facilities (E < 10,000 tCO2e each)",Progress Energy Resources Corp.,120299,-112158,8141,-8141,0,-120299
"BC Aggregated Facilities (E < 10,000 tCO2e each)",Progress Energy Resources Corp.,120299,-111883,8416,-8416,0,-120299
"BC Aggregated Facilities (E < 10,000 tCO2e each)",Progress Energy Resources Corp.,120299,-110394,9905,-9905,0,-120299
"BC Aggregated Facilities (E < 10,000 tCO2e each)",Progress Energy Resources Corp.,120299,-107600,12699,-12699,0,-120299
"BC Aggregated Facilities (E < 10,000 tCO2e each)",Progress Energy Resources Corp.,120299,-106318,13981,-13981,0,-120299
"BC Aggregated Facilities (E < 10,000 tCO2e each)",Progress Energy Resources Corp.,120299,-105993,14306,-14306,0,-120299
"BC Aggregated Facilities (E < 10,000 tCO2e each)",Progress Energy Resources Corp.,120299,-105892,14407,-14407,0,-120299
"BC Aggregated Facilities (E < 10,000 tCO2e each)",Progress Energy Resources Corp.,120299,-105417,14882,-14882,0,-120299
"BC Aggregated Facilities (E < 10,000 tCO2e each)",Progress Energy Resources Corp.,120299,-102672,17627,-17627,0,-120299
"BC Aggregated Facilities (E < 10,000 tCO2e each)",Progress Energy Resources Corp.,120299,-102435,17864,-17864,0,-120299
"BC Aggregated Facilities (E < 10,000 tCO2e each)",Progress Energy Resources Corp.,120299,-100497,19802,-19802,0,-120299
"BC Aggregated Facilities (E < 10,000 tCO2e each)",ConocoPhillips Canada Resources Corp.,135525,57937,193462,-193462,0,-135525
"BC Aggregated Facilities (E < 10,000 tCO2e each)",ConocoPhillips Canada Resources Corp.,135525,262554,398079,-398079,0,-135525
"BC Aggregated Facilities (E < 10,000 tCO2e each)",ConocoPhillips Canada Resources Corp.,135525,#VALUE!, -   ,#VALUE!,0,-135525
"BC Aggregated Facilities (E < 10,000 tCO2e each)",ConocoPhillips Canada Resources Corp.,135525,#VALUE!, -   ,#VALUE!,0,-135525
"BC Aggregated Facilities (E < 10,000 tCO2e each)",ConocoPhillips Canada Resources Corp.,135525,#VALUE!, -   ,#VALUE!,0,-135525
"BC Aggregated Facilities (E < 10,000 tCO2e each)",ConocoPhillips Canada Resources Corp.,135525,#VALUE!, -   ,#VALUE!,0,-135525
"BC Aggregated Facilities (E < 10,000 tCO2e each)",ConocoPhillips Canada Resources Corp.,135525,-94489,41036,-41036,0,-135525
"BC Aggregated Facilities (E < 10,000 tCO2e each)",ConocoPhillips Canada Resources Corp.,135525,-76752,58773,-58773,0,-135525
"BC Aggregated Facilities (E < 10,000 tCO2e each)",ConocoPhillips Canada Resources Corp.,135525,-65175,70350,-70350,0,-135525
"BC Aggregated Facilities (E < 10,000 tCO2e each)",ConocoPhillips Canada Resources Corp.,135525,-21875,113650,-113650,0,-135525
"BC Aggregated Facilities (E < 10,000 tCO2e each)",ConocoPhillips Canada Resources Corp.,135525,-135504,21,-21,0,-135525
"BC Aggregated Facilities (E < 10,000 tCO2e each)",ConocoPhillips Canada Resources Corp.,135525,-135464,61,-61,0,-135525
"BC Aggregated Facilities (E < 10,000 tCO2e each)",ConocoPhillips Canada Resources Corp.,135525,-135125,400,-400,0,-135525
"BC Aggregated Facilities (E < 10,000 tCO2e each)",ConocoPhillips Canada Resources Corp.,135525,-134522,1003,-1003,0,-135525
"BC Aggregated Facilities (E < 10,000 tCO2e each)",ConocoPhillips Canada Resources Corp.,135525,-134037,1488,-1488,0,-135525
"BC Aggregated Facilities (E < 10,000 tCO2e each)",ConocoPhillips Canada Resources Corp.,135525,-134006,1519,-1519,0,-135525
"BC Aggregated Facilities (E < 10,000 tCO2e each)",ConocoPhillips Canada Resources Corp.,135525,-133441,2084,-2084,0,-135525
"BC Aggregated Facilities (E < 10,000 tCO2e each)",ConocoPhillips Canada Resources Corp.,135525,-133040,2485,-2485,0,-135525
"BC Aggregated Facilities (E < 10,000 tCO2e each)",ConocoPhillips Canada Resources Corp.,135525,-132125,3400,-3400,0,-135525
"BC Aggregated Facilities (E < 10,000 tCO2e each)",ConocoPhillips Canada Resources Corp.,135525,-130720,4805,-4805,0,-135525
"BC Aggregated Facilities (E < 10,000 tCO2e each)",ConocoPhillips Canada Resources Corp.,135525,-129207,6318,-6318,0,-135525
"BC Aggregated Facilities (E < 10,000 tCO2e each)",ConocoPhillips Canada Resources Corp.,135525,-128386,7139,-7139,0,-135525
"BC Aggregated Facilities (E < 10,000 tCO2e each)",ConocoPhillips Canada Resources Corp.,135525,-128299,7226,-7226,0,-135525
"BC Aggregated Facilities (E < 10,000 tCO2e each)",ConocoPhillips Canada Resources Corp.,135525,-12758,122767,-122767,0,-135525
"BC Aggregated Facilities (E < 10,000 tCO2e each)",ConocoPhillips Canada Resources Corp.,135525,-127384,8141,-8141,0,-135525
"BC Aggregated Facilities (E < 10,000 tCO2e each)",ConocoPhillips Canada Resources Corp.,135525,-127109,8416,-8416,0,-135525
"BC Aggregated Facilities (E < 10,000 tCO2e each)",ConocoPhillips Canada Resources Corp.,135525,-125620,9905,-9905,0,-135525
"BC Aggregated Facilities (E < 10,000 tCO2e each)",ConocoPhillips Canada Resources Corp.,135525,-122826,12699,-12699,0,-135525
"BC Aggregated Facilities (E < 10,000 tCO2e each)",ConocoPhillips Canada Resources Corp.,135525,-121544,13981,-13981,0,-135525
"BC Aggregated Facilities (E < 10,000 tCO2e each)",ConocoPhillips Canada Resources Corp.,135525,-121219,14306,-14306,0,-135525
"BC Aggregated Facilities (E < 10,000 tCO2e each)",ConocoPhillips Canada Resources Corp.,135525,-121118,14407,-14407,0,-135525
"BC Aggregated Facilities (E < 10,000 tCO2e each)",ConocoPhillips Canada Resources Corp.,135525,-120643,14882,-14882,0,-135525
"BC Aggregated Facilities (E < 10,000 tCO2e each)",ConocoPhillips Canada Resources Corp.,135525,-117898,17627,-17627,0,-135525
"BC Aggregated Facilities (E < 10,000 tCO2e each)",ConocoPhillips Canada Resources Corp.,135525,-117661,17864,-17864,0,-135525
"BC Aggregated Facilities (E < 10,000 tCO2e each)",ConocoPhillips Canada Resources Corp.,135525,-115723,19802,-19802,0,-135525
"BC Aggregated Facilities (E < 10,000 tCO2e each)",ConocoPhillips Canada Resources Corp.,135525,-109201,26324,-26324,0,-135525
"BC Aggregated Facilities (E < 10,000 tCO2e each)",ConocoPhillips Canada Resources Corp.,135525,-108982,26543,-26543,0,-135525
"BC Aggregated Facilities (E < 10,000 tCO2e each)",ConocoPhillips Canada Resources Corp.,135525,-107546,27979,-27979,0,-135525
"BC Aggregated Facilities (E < 10,000 tCO2e each)",ConocoPhillips Canada Resources Corp.,135525,-106852,28673,-28673,0,-135525
"BC Aggregated Facilities (E < 10,000 tCO2e each)",ConocoPhillips Canada Resources Corp.,135525,-104556,30969,-30969,0,-135525
"BC Aggregated Facilities (E < 10,000 tCO2e each)",ConocoPhillips Canada Resources Corp.,135525,-101887,33638,-33638,0,-135525
"BC Aggregated Facilities (E < 10,000 tCO2e each)",ConocoPhillips Canada Resources Corp.,135525,-101000,34525,-34525,0,-135525
"BC Aggregated Facilities (E < 10,000 tCO2e each)",ConocoPhillips Canada Resources Corp.,135525,-100941,34584,-34584,0,-135525
"BC Aggregated Facilities (E < 10,000 tCO2e each)",EnCana Corporation,222816,175263,398079,-398079,0,-222816
"BC Aggregated Facilities (E < 10,000 tCO2e each)",EnCana Corporation,222816,#VALUE!, -   ,#VALUE!,0,-222816
"BC Aggregated Facilities (E < 10,000 tCO2e each)",EnCana Corporation,222816,#VALUE!, -   ,#VALUE!,0,-222816
"BC Aggregated Facilities (E < 10,000 tCO2e each)",EnCana Corporation,222816,#VALUE!, -   ,#VALUE!,0,-222816
"BC Aggregated Facilities (E < 10,000 tCO2e each)",EnCana Corporation,222816,#VALUE!, -   ,#VALUE!,0,-222816
"BC Aggregated Facilities (E < 10,000 tCO2e each)",EnCana Corporation,222816,-29354,193462,-193462,0,-222816
"BC Aggregated Facilities (E < 10,000 tCO2e each)",EnCana Corporation,222816,-222795,21,-21,0,-222816
"BC Aggregated Facilities (E < 10,000 tCO2e each)",EnCana Corporation,222816,-222755,61,-61,0,-222816
"BC Aggregated Facilities (E < 10,000 tCO2e each)",EnCana Corporation,222816,-222416,400,-400,0,-222816
"BC Aggregated Facilities (E < 10,000 tCO2e each)",EnCana Corporation,222816,-221813,1003,-1003,0,-222816
"BC Aggregated Facilities (E < 10,000 tCO2e each)",EnCana Corporation,222816,-221328,1488,-1488,0,-222816
"BC Aggregated Facilities (E < 10,000 tCO2e each)",EnCana Corporation,222816,-221297,1519,-1519,0,-222816
"BC Aggregated Facilities (E < 10,000 tCO2e each)",EnCana Corporation,222816,-220732,2084,-2084,0,-222816
"BC Aggregated Facilities (E < 10,000 tCO2e each)",EnCana Corporation,222816,-220331,2485,-2485,0,-222816
"BC Aggregated Facilities (E < 10,000 tCO2e each)",EnCana Corporation,222816,-219416,3400,-3400,0,-222816
"BC Aggregated Facilities (E < 10,000 tCO2e each)",EnCana Corporation,222816,-218011,4805,-4805,0,-222816
"BC Aggregated Facilities (E < 10,000 tCO2e each)",EnCana Corporation,222816,-216498,6318,-6318,0,-222816
"BC Aggregated Facilities (E < 10,000 tCO2e each)",EnCana Corporation,222816,-215677,7139,-7139,0,-222816
"BC Aggregated Facilities (E < 10,000 tCO2e each)",EnCana Corporation,222816,-215590,7226,-7226,0,-222816
"BC Aggregated Facilities (E < 10,000 tCO2e each)",EnCana Corporation,222816,-214675,8141,-8141,0,-222816
"BC Aggregated Facilities (E < 10,000 tCO2e each)",EnCana Corporation,222816,-214400,8416,-8416,0,-222816
"BC Aggregated Facilities (E < 10,000 tCO2e each)",EnCana Corporation,222816,-212911,9905,-9905,0,-222816
"BC Aggregated Facilities (E < 10,000 tCO2e each)",EnCana Corporation,222816,-210117,12699,-12699,0,-222816
"BC Aggregated Facilities (E < 10,000 tCO2e each)",EnCana Corporation,222816,-208835,13981,-13981,0,-222816
"BC Aggregated Facilities (E < 10,000 tCO2e each)",EnCana Corporation,222816,-208510,14306,-14306,0,-222816
"BC Aggregated Facilities (E < 10,000 tCO2e each)",EnCana Corporation,222816,-208409,14407,-14407,0,-222816
"BC Aggregated Facilities (E < 10,000 tCO2e each)",EnCana Corporation,222816,-207934,14882,-14882,0,-222816
"BC Aggregated Facilities (E < 10,000 tCO2e each)",EnCana Corporation,222816,-205189,17627,-17627,0,-222816
"BC Aggregated Facilities (E < 10,000 tCO2e each)",EnCana Corporation,222816,-204952,17864,-17864,0,-222816
"BC Aggregated Facilities (E < 10,000 tCO2e each)",EnCana Corporation,222816,-203014,19802,-19802,0,-222816
"BC Aggregated Facilities (E < 10,000 tCO2e each)",EnCana Corporation,222816,-196492,26324,-26324,0,-222816
"BC Aggregated Facilities (E < 10,000 tCO2e each)",EnCana Corporation,222816,-196273,26543,-26543,0,-222816
"BC Aggregated Facilities (E < 10,000 tCO2e each)",EnCana Corporation,222816,-194837,27979,-27979,0,-222816
"BC Aggregated Facilities (E < 10,000 tCO2e each)",EnCana Corporation,222816,-194143,28673,-28673,0,-222816
"BC Aggregated Facilities (E < 10,000 tCO2e each)",EnCana Corporation,222816,-191847,30969,-30969,0,-222816
"BC Aggregated Facilities (E < 10,000 tCO2e each)",EnCana Corporation,222816,-189178,33638,-33638,0,-222816
"BC Aggregated Facilities (E < 10,000 tCO2e each)",EnCana Corporation,222816,-188291,34525,-34525,0,-222816
"BC Aggregated Facilities (E < 10,000 tCO2e each)",EnCana Corporation,222816,-188232,34584,-34584,0,-222816
"BC Aggregated Facilities (E < 10,000 tCO2e each)",EnCana Corporation,222816,-181780,41036,-41036,0,-222816
"BC Aggregated Facilities (E < 10,000 tCO2e each)",EnCana Corporation,222816,-164043,58773,-58773,0,-222816
"BC Aggregated Facilities (E < 10,000 tCO2e each)",EnCana Corporation,222816,-152466,70350,-70350,0,-222816
"BC Aggregated Facilities (E < 10,000 tCO2e each)",EnCana Corporation,222816,-109166,113650,-113650,0,-222816
"BC Aggregated Facilities (E < 10,000 tCO2e each)",EnCana Corporation,222816,-100049,122767,-122767,0,-222816
Neucel Specialty Cellulose Facility,Neucel Specialty Cellulose,449073,#VALUE!, -   ,#VALUE!,162075,-286998
"BC Aggregated Facilities (E < 10,000 tCO2e each)",Canadian natural Resources Limited,391746,6333,398079,-398079,0,-391746
"BC Aggregated Facilities (E < 10,000 tCO2e each)",Canadian natural Resources Limited,391746,#VALUE!, -   ,#VALUE!,0,-391746
"BC Aggregated Facilities (E < 10,000 tCO2e each)",Canadian natural Resources Limited,391746,#VALUE!, -   ,#VALUE!,0,-391746
"BC Aggregated Facilities (E < 10,000 tCO2e each)",Canadian natural Resources Limited,391746,#VALUE!, -   ,#VALUE!,0,-391746
"BC Aggregated Facilities (E < 10,000 tCO2e each)",Canadian natural Resources Limited,391746,#VALUE!, -   ,#VALUE!,0,-391746
"BC Aggregated Facilities (E < 10,000 tCO2e each)",Canadian natural Resources Limited,391746,-391725,21,-21,0,-391746
"BC Aggregated Facilities (E < 10,000 tCO2e each)",Canadian natural Resources Limited,391746,-391685,61,-61,0,-391746
"BC Aggregated Facilities (E < 10,000 tCO2e each)",Canadian natural Resources Limited,391746,-391346,400,-400,0,-391746
"BC Aggregated Facilities (E < 10,000 tCO2e each)",Canadian natural Resources Limited,391746,-390743,1003,-1003,0,-391746
"BC Aggregated Facilities (E < 10,000 tCO2e each)",Canadian natural Resources Limited,391746,-390258,1488,-1488,0,-391746
"BC Aggregated Facilities (E < 10,000 tCO2e each)",Canadian natural Resources Limited,391746,-390227,1519,-1519,0,-391746
"BC Aggregated Facilities (E < 10,000 tCO2e each)",Canadian natural Resources Limited,391746,-389662,2084,-2084,0,-391746
"BC Aggregated Facilities (E < 10,000 tCO2e each)",Canadian natural Resources Limited,391746,-389261,2485,-2485,0,-391746
"BC Aggregated Facilities (E < 10,000 tCO2e each)",Canadian natural Resources Limited,391746,-388346,3400,-3400,0,-391746
"BC Aggregated Facilities (E < 10,000 tCO2e each)",Canadian natural Resources Limited,391746,-386941,4805,-4805,0,-391746
"BC Aggregated Facilities (E < 10,000 tCO2e each)",Canadian natural Resources Limited,391746,-385428,6318,-6318,0,-391746
"BC Aggregated Facilities (E < 10,000 tCO2e each)",Canadian natural Resources Limited,391746,-384607,7139,-7139,0,-391746
"BC Aggregated Facilities (E < 10,000 tCO2e each)",Canadian natural Resources Limited,391746,-384520,7226,-7226,0,-391746
"BC Aggregated Facilities (E < 10,000 tCO2e each)",Canadian natural Resources Limited,391746,-383605,8141,-8141,0,-391746
"BC Aggregated Facilities (E < 10,000 tCO2e each)",Canadian natural Resources Limited,391746,-383330,8416,-8416,0,-391746
"BC Aggregated Facilities (E < 10,000 tCO2e each)",Canadian natural Resources Limited,391746,-381841,9905,-9905,0,-391746
"BC Aggregated Facilities (E < 10,000 tCO2e each)",Canadian natural Resources Limited,391746,-379047,12699,-12699,0,-391746
"BC Aggregated Facilities (E < 10,000 tCO2e each)",Canadian natural Resources Limited,391746,-377765,13981,-13981,0,-391746
"BC Aggregated Facilities (E < 10,000 tCO2e each)",Canadian natural Resources Limited,391746,-377440,14306,-14306,0,-391746
"BC Aggregated Facilities (E < 10,000 tCO2e each)",Canadian natural Resources Limited,391746,-377339,14407,-14407,0,-391746
"BC Aggregated Facilities (E < 10,000 tCO2e each)",Canadian natural Resources Limited,391746,-376864,14882,-14882,0,-391746
"BC Aggregated Facilities (E < 10,000 tCO2e each)",Canadian natural Resources Limited,391746,-374119,17627,-17627,0,-391746
"BC Aggregated Facilities (E < 10,000 tCO2e each)",Canadian natural Resources Limited,391746,-373882,17864,-17864,0,-391746
"BC Aggregated Facilities (E < 10,000 tCO2e each)",Canadian natural Resources Limited,391746,-371944,19802,-19802,0,-391746
"BC Aggregated Facilities (E < 10,000 tCO2e each)",Canadian natural Resources Limited,391746,-365422,26324,-26324,0,-391746
"BC Aggregated Facilities (E < 10,000 tCO2e each)",Canadian natural Resources Limited,391746,-365203,26543,-26543,0,-391746
"BC Aggregated Facilities (E < 10,000 tCO2e each)",Canadian natural Resources Limited,391746,-363767,27979,-27979,0,-391746
"BC Aggregated Facilities (E < 10,000 tCO2e each)",Canadian natural Resources Limited,391746,-363073,28673,-28673,0,-391746
"BC Aggregated Facilities (E < 10,000 tCO2e each)",Canadian natural Resources Limited,391746,-360777,30969,-30969,0,-391746
"BC Aggregated Facilities (E < 10,000 tCO2e each)",Canadian natural Resources Limited,391746,-358108,33638,-33638,0,-391746
"BC Aggregated Facilities (E < 10,000 tCO2e each)",Canadian natural Resources Limited,391746,-357221,34525,-34525,0,-391746
"BC Aggregated Facilities (E < 10,000 tCO2e each)",Canadian natural Resources Limited,391746,-357162,34584,-34584,0,-391746
"BC Aggregated Facilities (E < 10,000 tCO2e each)",Canadian natural Resources Limited,391746,-350710,41036,-41036,0,-391746
"BC Aggregated Facilities (E < 10,000 tCO2e each)",Canadian natural Resources Limited,391746,-332973,58773,-58773,0,-391746
"BC Aggregated Facilities (E < 10,000 tCO2e each)",Canadian natural Resources Limited,391746,-321396,70350,-70350,0,-391746
"BC Aggregated Facilities (E < 10,000 tCO2e each)",Canadian natural Resources Limited,391746,-278096,113650,-113650,0,-391746
"BC Aggregated Facilities (E < 10,000 tCO2e each)",Canadian natural Resources Limited,391746,-268979,122767,-122767,0,-391746
"BC Aggregated Facilities (E < 10,000 tCO2e each)",Canadian natural Resources Limited,391746,-198284,193462,-193462,0,-391746
Island Generation Facility,V.I. Power L.P.,645224,-603292,41932,-12188,29744,-615480
Willow Creek Mine,Western Coal Corp.,71,2896,2967,#VALUE!,- ,#VALUE!
Cache Creek Landfill,Wastech Services Ltd.,0,#VALUE!, -   ,#VALUE!,- ,#VALUE!
Delta Plant,"Lehigh Cement, a Division of Lehigh Hanson Materials Ltd.",0,#VALUE!, -   ,#VALUE!,- ,#VALUE!
Delta Plant,Buckeye Canada,4581,#VALUE!, -   ,#VALUE!,- ,#VALUE!
Kamloops Plant,Lafarge Canada Inc.,0,#VALUE!, -   ,#VALUE!,- ,#VALUE!
Langley Plant,Chemical Lime of Canada,0,#VALUE!, -   ,#VALUE!,- ,#VALUE!
Pavilion Plant,Graymont Western Canada Inc.,0,#VALUE!, -   ,#VALUE!,- ,#VALUE!
Richmond Cement Plant,Lafarge Canada Inc.,0,#VALUE!, -   ,#VALUE!,- ,#VALUE!
"BC Aggregated Facilities (E <10,000 tCO2e each)",0,0,0,0,#VALUE!,- ,#VALUE!
"BC Aggregated Facilities (E <10,000 tCO2e each)",0,0,0,0,#VALUE!,- ,#VALUE!
"BC Aggregated Facilities (E <10,000 tCO2e each)",0,0,0,0,#VALUE!,- ,#VALUE!
"BC Aggregated Facilities (E <10,000 tCO2e each)",0,0,0,0,#VALUE!,- ,#VALUE!
Dillon -Brule Mine,0,0,0,0,#VALUE!,- ,#VALUE!
Plateau Division,0,0,0,0,#VALUE!,- ,#VALUE!
Prince George Sawmill Division,0,0,0,0,#VALUE!,- ,
